{
  "metadata": {
    "scene_name": "judo-move",
    "num_frames": 34,
    "num_objects": 7,
    "frame_step": 1,
    "gaussian_mode": "first_frame_shape",
    "mean_source": "hybrid",
    "obj_id_to_color_idx": {
      "4304828": 0,
      "6423644": 1,
      "6550890": 2,
      "10081607": 3,
      "14802278": 4,
      "15351475": 5,
      "16094734": 6
    }
  },
  "frames": [
    {
      "frame_index": 0,
      "objects": [
        {
          "object_id": "4304828",
          "color_index": 0,
          "gaussian_3d": {
            "mean": [
              -1.8981879949569702,
              4.700199127197266,
              0.7037978172302246
            ],
            "covariance": [
              [
                0.0024931952357292175,
                -0.0021085075568407774,
                -0.009118939749896526
              ],
              [
                -0.0021085075568407774,
                0.01793646067380905,
                0.009618232026696205
              ],
              [
                -0.009118939749896526,
                0.009618232026696205,
                0.08295732736587524
              ]
            ]
          }
        },
        {
          "object_id": "6423644",
          "color_index": 1,
          "gaussian_3d": {
            "mean": [
              -1.7289007902145386,
              4.002010822296143,
              0.0894608274102211
            ],
            "covariance": [
              [
                0.007685608696192503,
                0.0026812306605279446,
                0.007296643685549498
              ],
              [
                0.0026812306605279446,
                0.013057148084044456,
                -0.015002780593931675
              ],
              [
                0.007296643685549498,
                -0.015002780593931675,
                0.04811182990670204
              ]
            ]
          }
        },
        {
          "object_id": "6550890",
          "color_index": 2,
          "gaussian_3d": {
            "mean": [
              1.6485249996185303,
              6.200725078582764,
              0.8363993763923645
            ],
            "covariance": [
              [
                0.0062957946211099625,
                -0.004074252676218748,
                -0.0026143048889935017
              ],
              [
                -0.004074252676218748,
                0.007774872239679098,
                -0.009714005514979362
              ],
              [
                -0.0026143048889935017,
                -0.009714005514979362,
                0.09146376699209213
              ]
            ]
          }
        },
        {
          "object_id": "10081607",
          "color_index": 3,
          "gaussian_3d": {
            "mean": [
              1.75156569480896,
              3.8662819862365723,
              -0.14897410571575165
            ],
            "covariance": [
              [
                0.0017157015390694141,
                -0.0006925233174115419,
                0.005639588460326195
              ],
              [
                -0.0006925233174115419,
                0.01049303263425827,
                -0.0014925799332559109
              ],
              [
                0.005639588460326195,
                -0.0014925799332559109,
                0.040663450956344604
              ]
            ]
          }
        },
        {
          "object_id": "14802278",
          "color_index": 4,
          "gaussian_3d": {
            "mean": [
              0.12565481662750244,
              2.5714075565338135,
              -0.05326547101140022
            ],
            "covariance": [
              [
                0.007022671401500702,
                0.004372681025415659,
                0.00029402191285043955
              ],
              [
                0.004372681025415659,
                0.02279440313577652,
                -0.04403694346547127
              ],
              [
                0.00029402191285043955,
                -0.04403694346547127,
                0.13418224453926086
              ]
            ]
          }
        },
        {
          "object_id": "15351475",
          "color_index": 5,
          "gaussian_3d": {
            "mean": [
              -0.1496203988790512,
              2.7098946571350098,
              -0.004981419537216425
            ],
            "covariance": [
              [
                0.006969841197133064,
                -0.0046111177653074265,
                0.014070749282836914
              ],
              [
                -0.0046111177653074265,
                0.02733439765870571,
                -0.05176305025815964
              ],
              [
                0.014070749282836914,
                -0.05176305025815964,
                0.1252373456954956
              ]
            ]
          }
        },
        {
          "object_id": "16094734",
          "color_index": 6,
          "gaussian_3d": {
            "mean": [
              2.1630308628082275,
              5.2022175788879395,
              0.5305997133255005
            ],
            "covariance": [
              [
                0.0029007387347519398,
                -0.00202158372849226,
                0.0044321888126432896
              ],
              [
                -0.00202158372849226,
                0.009510643780231476,
                -0.02762078121304512
              ],
              [
                0.0044321888126432896,
                -0.02762078121304512,
                0.13614395260810852
              ]
            ]
          }
        }
      ]
    },
    {
      "frame_index": 1,
      "objects": [
        {
          "object_id": "4304828",
          "color_index": 0,
          "gaussian_3d": {
            "mean": [
              -1.8925397396087646,
              4.686371326446533,
              0.7008921504020691
            ],
            "covariance": [
              [
                0.0024931952357292175,
                -0.0021085075568407774,
                -0.009118939749896526
              ],
              [
                -0.0021085075568407774,
                0.01793646067380905,
                0.009618232026696205
              ],
              [
                -0.009118939749896526,
                0.009618232026696205,
                0.08295732736587524
              ]
            ]
          }
        },
        {
          "object_id": "6423644",
          "color_index": 1,
          "gaussian_3d": {
            "mean": [
              -1.729365348815918,
              4.002408981323242,
              0.08951449394226074
            ],
            "covariance": [
              [
                0.007685608696192503,
                0.0026812306605279446,
                0.007296643685549498
              ],
              [
                0.0026812306605279446,
                0.013057148084044456,
                -0.015002780593931675
              ],
              [
                0.007296643685549498,
                -0.015002780593931675,
                0.04811182990670204
              ]
            ]
          }
        },
        {
          "object_id": "6550890",
          "color_index": 2,
          "gaussian_3d": {
            "mean": [
              1.652186632156372,
              6.2147369384765625,
              0.8387664556503296
            ],
            "covariance": [
              [
                0.0062957946211099625,
                -0.004074252676218748,
                -0.0026143048889935017
              ],
              [
                -0.004074252676218748,
                0.007774872239679098,
                -0.009714005514979362
              ],
              [
                -0.0026143048889935017,
                -0.009714005514979362,
                0.09146376699209213
              ]
            ]
          }
        },
        {
          "object_id": "10081607",
          "color_index": 3,
          "gaussian_3d": {
            "mean": [
              1.751539707183838,
              3.8663527965545654,
              -0.1482616662979126
            ],
            "covariance": [
              [
                0.0017157015390694141,
                -0.0006925233174115419,
                0.005639588460326195
              ],
              [
                -0.0006925233174115419,
                0.01049303263425827,
                -0.0014925799332559109
              ],
              [
                0.005639588460326195,
                -0.0014925799332559109,
                0.040663450956344604
              ]
            ]
          }
        },
        {
          "object_id": "14802278",
          "color_index": 4,
          "gaussian_3d": {
            "mean": [
              0.12313095480203629,
              2.5812559127807617,
              -0.05826783925294876
            ],
            "covariance": [
              [
                0.007022671401500702,
                0.004372681025415659,
                0.00029402191285043955
              ],
              [
                0.004372681025415659,
                0.02279440313577652,
                -0.04403694346547127
              ],
              [
                0.00029402191285043955,
                -0.04403694346547127,
                0.13418224453926086
              ]
            ]
          }
        },
        {
          "object_id": "15351475",
          "color_index": 5,
          "gaussian_3d": {
            "mean": [
              -0.14933501183986664,
              2.677947521209717,
              -0.012600693851709366
            ],
            "covariance": [
              [
                0.006969841197133064,
                -0.0046111177653074265,
                0.014070749282836914
              ],
              [
                -0.0046111177653074265,
                0.02733439765870571,
                -0.05176305025815964
              ],
              [
                0.014070749282836914,
                -0.05176305025815964,
                0.1252373456954956
              ]
            ]
          }
        },
        {
          "object_id": "16094734",
          "color_index": 6,
          "gaussian_3d": {
            "mean": [
              2.163257598876953,
              5.203530788421631,
              0.531126081943512
            ],
            "covariance": [
              [
                0.0029007387347519398,
                -0.00202158372849226,
                0.0044321888126432896
              ],
              [
                -0.00202158372849226,
                0.009510643780231476,
                -0.02762078121304512
              ],
              [
                0.0044321888126432896,
                -0.02762078121304512,
                0.13614395260810852
              ]
            ]
          }
        }
      ]
    },
    {
      "frame_index": 2,
      "objects": [
        {
          "object_id": "4304828",
          "color_index": 0,
          "gaussian_3d": {
            "mean": [
              -1.8887913227081299,
              4.675848960876465,
              0.6983646154403687
            ],
            "covariance": [
              [
                0.0024931952357292175,
                -0.0021085075568407774,
                -0.009118939749896526
              ],
              [
                -0.0021085075568407774,
                0.01793646067380905,
                0.009618232026696205
              ],
              [
                -0.009118939749896526,
                0.009618232026696205,
                0.08295732736587524
              ]
            ]
          }
        },
        {
          "object_id": "6423644",
          "color_index": 1,
          "gaussian_3d": {
            "mean": [
              -1.7289668321609497,
              4.000049114227295,
              0.08927906304597855
            ],
            "covariance": [
              [
                0.007685608696192503,
                0.0026812306605279446,
                0.007296643685549498
              ],
              [
                0.0026812306605279446,
                0.013057148084044456,
                -0.015002780593931675
              ],
              [
                0.007296643685549498,
                -0.015002780593931675,
                0.04811182990670204
              ]
            ]
          }
        },
        {
          "object_id": "6550890",
          "color_index": 2,
          "gaussian_3d": {
            "mean": [
              1.6531010866165161,
              6.217642784118652,
              0.8394489884376526
            ],
            "covariance": [
              [
                0.0062957946211099625,
                -0.004074252676218748,
                -0.0026143048889935017
              ],
              [
                -0.004074252676218748,
                0.007774872239679098,
                -0.009714005514979362
              ],
              [
                -0.0026143048889935017,
                -0.009714005514979362,
                0.09146376699209213
              ]
            ]
          }
        },
        {
          "object_id": "10081607",
          "color_index": 3,
          "gaussian_3d": {
            "mean": [
              1.7515552043914795,
              3.866347074508667,
              -0.147907555103302
            ],
            "covariance": [
              [
                0.0017157015390694141,
                -0.0006925233174115419,
                0.005639588460326195
              ],
              [
                -0.0006925233174115419,
                0.01049303263425827,
                -0.0014925799332559109
              ],
              [
                0.005639588460326195,
                -0.0014925799332559109,
                0.040663450956344604
              ]
            ]
          }
        },
        {
          "object_id": "14802278",
          "color_index": 4,
          "gaussian_3d": {
            "mean": [
              0.12096840143203735,
              2.610834836959839,
              -0.05967981368303299
            ],
            "covariance": [
              [
                0.007022671401500702,
                0.004372681025415659,
                0.00029402191285043955
              ],
              [
                0.004372681025415659,
                0.02279440313577652,
                -0.04403694346547127
              ],
              [
                0.00029402191285043955,
                -0.04403694346547127,
                0.13418224453926086
              ]
            ]
          }
        },
        {
          "object_id": "15351475",
          "color_index": 5,
          "gaussian_3d": {
            "mean": [
              -0.15135666728019714,
              2.679291009902954,
              -0.013385171070694923
            ],
            "covariance": [
              [
                0.006969841197133064,
                -0.0046111177653074265,
                0.014070749282836914
              ],
              [
                -0.0046111177653074265,
                0.02733439765870571,
                -0.05176305025815964
              ],
              [
                0.014070749282836914,
                -0.05176305025815964,
                0.1252373456954956
              ]
            ]
          }
        },
        {
          "object_id": "16094734",
          "color_index": 6,
          "gaussian_3d": {
            "mean": [
              2.16448712348938,
              5.206147193908691,
              0.5318541526794434
            ],
            "covariance": [
              [
                0.0029007387347519398,
                -0.00202158372849226,
                0.0044321888126432896
              ],
              [
                -0.00202158372849226,
                0.009510643780231476,
                -0.02762078121304512
              ],
              [
                0.0044321888126432896,
                -0.02762078121304512,
                0.13614395260810852
              ]
            ]
          }
        }
      ]
    },
    {
      "frame_index": 3,
      "objects": [
        {
          "object_id": "4304828",
          "color_index": 0,
          "gaussian_3d": {
            "mean": [
              -1.900915503501892,
              4.703192710876465,
              0.7036620378494263
            ],
            "covariance": [
              [
                0.0024931952357292175,
                -0.0021085075568407774,
                -0.009118939749896526
              ],
              [
                -0.0021085075568407774,
                0.01793646067380905,
                0.009618232026696205
              ],
              [
                -0.009118939749896526,
                0.009618232026696205,
                0.08295732736587524
              ]
            ]
          }
        },
        {
          "object_id": "6423644",
          "color_index": 1,
          "gaussian_3d": {
            "mean": [
              -1.7293586730957031,
              4.000234127044678,
              0.08904512226581573
            ],
            "covariance": [
              [
                0.007685608696192503,
                0.0026812306605279446,
                0.007296643685549498
              ],
              [
                0.0026812306605279446,
                0.013057148084044456,
                -0.015002780593931675
              ],
              [
                0.007296643685549498,
                -0.015002780593931675,
                0.04811182990670204
              ]
            ]
          }
        },
        {
          "object_id": "6550890",
          "color_index": 2,
          "gaussian_3d": {
            "mean": [
              1.6556133031845093,
              6.226646423339844,
              0.84124356508255
            ],
            "covariance": [
              [
                0.0062957946211099625,
                -0.004074252676218748,
                -0.0026143048889935017
              ],
              [
                -0.004074252676218748,
                0.007774872239679098,
                -0.009714005514979362
              ],
              [
                -0.0026143048889935017,
                -0.009714005514979362,
                0.09146376699209213
              ]
            ]
          }
        },
        {
          "object_id": "10081607",
          "color_index": 3,
          "gaussian_3d": {
            "mean": [
              1.7472033500671387,
              3.8559157848358154,
              -0.14712567627429962
            ],
            "covariance": [
              [
                0.0017157015390694141,
                -0.0006925233174115419,
                0.005639588460326195
              ],
              [
                -0.0006925233174115419,
                0.01049303263425827,
                -0.0014925799332559109
              ],
              [
                0.005639588460326195,
                -0.0014925799332559109,
                0.040663450956344604
              ]
            ]
          }
        },
        {
          "object_id": "14802278",
          "color_index": 4,
          "gaussian_3d": {
            "mean": [
              0.11732599139213562,
              2.6125619411468506,
              -0.06530553847551346
            ],
            "covariance": [
              [
                0.007022671401500702,
                0.004372681025415659,
                0.00029402191285043955
              ],
              [
                0.004372681025415659,
                0.02279440313577652,
                -0.04403694346547127
              ],
              [
                0.00029402191285043955,
                -0.04403694346547127,
                0.13418224453926086
              ]
            ]
          }
        },
        {
          "object_id": "15351475",
          "color_index": 5,
          "gaussian_3d": {
            "mean": [
              -0.1535707712173462,
              2.6892943382263184,
              -0.015593850053846836
            ],
            "covariance": [
              [
                0.006969841197133064,
                -0.0046111177653074265,
                0.014070749282836914
              ],
              [
                -0.0046111177653074265,
                0.02733439765870571,
                -0.05176305025815964
              ],
              [
                0.014070749282836914,
                -0.05176305025815964,
                0.1252373456954956
              ]
            ]
          }
        },
        {
          "object_id": "16094734",
          "color_index": 6,
          "gaussian_3d": {
            "mean": [
              2.1647775173187256,
              5.20646333694458,
              0.532356321811676
            ],
            "covariance": [
              [
                0.0029007387347519398,
                -0.00202158372849226,
                0.0044321888126432896
              ],
              [
                -0.00202158372849226,
                0.009510643780231476,
                -0.02762078121304512
              ],
              [
                0.0044321888126432896,
                -0.02762078121304512,
                0.13614395260810852
              ]
            ]
          }
        }
      ]
    },
    {
      "frame_index": 4,
      "objects": [
        {
          "object_id": "4304828",
          "color_index": 0,
          "gaussian_3d": {
            "mean": [
              -1.9060344696044922,
              4.714502334594727,
              0.7055571675300598
            ],
            "covariance": [
              [
                0.0024931952357292175,
                -0.0021085075568407774,
                -0.009118939749896526
              ],
              [
                -0.0021085075568407774,
                0.01793646067380905,
                0.009618232026696205
              ],
              [
                -0.009118939749896526,
                0.009618232026696205,
                0.08295732736587524
              ]
            ]
          }
        },
        {
          "object_id": "6423644",
          "color_index": 1,
          "gaussian_3d": {
            "mean": [
              -1.7305946350097656,
              4.002039909362793,
              0.08890481293201447
            ],
            "covariance": [
              [
                0.007685608696192503,
                0.0026812306605279446,
                0.007296643685549498
              ],
              [
                0.0026812306605279446,
                0.013057148084044456,
                -0.015002780593931675
              ],
              [
                0.007296643685549498,
                -0.015002780593931675,
                0.04811182990670204
              ]
            ]
          }
        },
        {
          "object_id": "6550890",
          "color_index": 2,
          "gaussian_3d": {
            "mean": [
              1.6567836999893188,
              6.231173515319824,
              0.8419226408004761
            ],
            "covariance": [
              [
                0.0062957946211099625,
                -0.004074252676218748,
                -0.0026143048889935017
              ],
              [
                -0.004074252676218748,
                0.007774872239679098,
                -0.009714005514979362
              ],
              [
                -0.0026143048889935017,
                -0.009714005514979362,
                0.09146376699209213
              ]
            ]
          }
        },
        {
          "object_id": "10081607",
          "color_index": 3,
          "gaussian_3d": {
            "mean": [
              1.7524428367614746,
              3.8677866458892822,
              -0.1469467729330063
            ],
            "covariance": [
              [
                0.0017157015390694141,
                -0.0006925233174115419,
                0.005639588460326195
              ],
              [
                -0.0006925233174115419,
                0.01049303263425827,
                -0.0014925799332559109
              ],
              [
                0.005639588460326195,
                -0.0014925799332559109,
                0.040663450956344604
              ]
            ]
          }
        },
        {
          "object_id": "14802278",
          "color_index": 4,
          "gaussian_3d": {
            "mean": [
              0.11369044333696365,
              2.595135450363159,
              -0.07143586128950119
            ],
            "covariance": [
              [
                0.007022671401500702,
                0.004372681025415659,
                0.00029402191285043955
              ],
              [
                0.004372681025415659,
                0.02279440313577652,
                -0.04403694346547127
              ],
              [
                0.00029402191285043955,
                -0.04403694346547127,
                0.13418224453926086
              ]
            ]
          }
        },
        {
          "object_id": "15351475",
          "color_index": 5,
          "gaussian_3d": {
            "mean": [
              -0.15715554356575012,
              2.69706654548645,
              -0.018224047496914864
            ],
            "covariance": [
              [
                0.006969841197133064,
                -0.0046111177653074265,
                0.014070749282836914
              ],
              [
                -0.0046111177653074265,
                0.02733439765870571,
                -0.05176305025815964
              ],
              [
                0.014070749282836914,
                -0.05176305025815964,
                0.1252373456954956
              ]
            ]
          }
        },
        {
          "object_id": "16094734",
          "color_index": 6,
          "gaussian_3d": {
            "mean": [
              2.164816379547119,
              5.206238746643066,
              0.5328190922737122
            ],
            "covariance": [
              [
                0.0029007387347519398,
                -0.00202158372849226,
                0.0044321888126432896
              ],
              [
                -0.00202158372849226,
                0.009510643780231476,
                -0.02762078121304512
              ],
              [
                0.0044321888126432896,
                -0.02762078121304512,
                0.13614395260810852
              ]
            ]
          }
        }
      ]
    },
    {
      "frame_index": 5,
      "objects": [
        {
          "object_id": "4304828",
          "color_index": 0,
          "gaussian_3d": {
            "mean": [
              -1.910191535949707,
              4.724005699157715,
              0.7072066068649292
            ],
            "covariance": [
              [
                0.0024931952357292175,
                -0.0021085075568407774,
                -0.009118939749896526
              ],
              [
                -0.0021085075568407774,
                0.01793646067380905,
                0.009618232026696205
              ],
              [
                -0.009118939749896526,
                0.009618232026696205,
                0.08295732736587524
              ]
            ]
          }
        },
        {
          "object_id": "6423644",
          "color_index": 1,
          "gaussian_3d": {
            "mean": [
              -1.7319250106811523,
              4.004393100738525,
              0.08891720324754715
            ],
            "covariance": [
              [
                0.007685608696192503,
                0.0026812306605279446,
                0.007296643685549498
              ],
              [
                0.0026812306605279446,
                0.013057148084044456,
                -0.015002780593931675
              ],
              [
                0.007296643685549498,
                -0.015002780593931675,
                0.04811182990670204
              ]
            ]
          }
        },
        {
          "object_id": "6550890",
          "color_index": 2,
          "gaussian_3d": {
            "mean": [
              1.66085946559906,
              6.246778964996338,
              0.8441429138183594
            ],
            "covariance": [
              [
                0.0062957946211099625,
                -0.004074252676218748,
                -0.0026143048889935017
              ],
              [
                -0.004074252676218748,
                0.007774872239679098,
                -0.009714005514979362
              ],
              [
                -0.0026143048889935017,
                -0.009714005514979362,
                0.09146376699209213
              ]
            ]
          }
        },
        {
          "object_id": "10081607",
          "color_index": 3,
          "gaussian_3d": {
            "mean": [
              1.7481493949890137,
              3.8579413890838623,
              -0.14610318839550018
            ],
            "covariance": [
              [
                0.0017157015390694141,
                -0.0006925233174115419,
                0.005639588460326195
              ],
              [
                -0.0006925233174115419,
                0.01049303263425827,
                -0.0014925799332559109
              ],
              [
                0.005639588460326195,
                -0.0014925799332559109,
                0.040663450956344604
              ]
            ]
          }
        },
        {
          "object_id": "14802278",
          "color_index": 4,
          "gaussian_3d": {
            "mean": [
              0.11098617315292358,
              2.605515241622925,
              -0.07438120245933533
            ],
            "covariance": [
              [
                0.007022671401500702,
                0.004372681025415659,
                0.00029402191285043955
              ],
              [
                0.004372681025415659,
                0.02279440313577652,
                -0.04403694346547127
              ],
              [
                0.00029402191285043955,
                -0.04403694346547127,
                0.13418224453926086
              ]
            ]
          }
        },
        {
          "object_id": "15351475",
          "color_index": 5,
          "gaussian_3d": {
            "mean": [
              -0.1616722196340561,
              2.7045934200286865,
              -0.021537037566304207
            ],
            "covariance": [
              [
                0.006969841197133064,
                -0.0046111177653074265,
                0.014070749282836914
              ],
              [
                -0.0046111177653074265,
                0.02733439765870571,
                -0.05176305025815964
              ],
              [
                0.014070749282836914,
                -0.05176305025815964,
                0.1252373456954956
              ]
            ]
          }
        },
        {
          "object_id": "16094734",
          "color_index": 6,
          "gaussian_3d": {
            "mean": [
              2.165304183959961,
              5.207182884216309,
              0.5336039066314697
            ],
            "covariance": [
              [
                0.0029007387347519398,
                -0.00202158372849226,
                0.0044321888126432896
              ],
              [
                -0.00202158372849226,
                0.009510643780231476,
                -0.02762078121304512
              ],
              [
                0.0044321888126432896,
                -0.02762078121304512,
                0.13614395260810852
              ]
            ]
          }
        }
      ]
    },
    {
      "frame_index": 6,
      "objects": [
        {
          "object_id": "4304828",
          "color_index": 0,
          "gaussian_3d": {
            "mean": [
              -1.9128013849258423,
              4.7294769287109375,
              0.7079778909683228
            ],
            "covariance": [
              [
                0.0024931952357292175,
                -0.0021085075568407774,
                -0.009118939749896526
              ],
              [
                -0.0021085075568407774,
                0.01793646067380905,
                0.009618232026696205
              ],
              [
                -0.009118939749896526,
                0.009618232026696205,
                0.08295732736587524
              ]
            ]
          }
        },
        {
          "object_id": "6423644",
          "color_index": 1,
          "gaussian_3d": {
            "mean": [
              -1.733299732208252,
              4.006516933441162,
              0.08868832141160965
            ],
            "covariance": [
              [
                0.007685608696192503,
                0.0026812306605279446,
                0.007296643685549498
              ],
              [
                0.0026812306605279446,
                0.013057148084044456,
                -0.015002780593931675
              ],
              [
                0.007296643685549498,
                -0.015002780593931675,
                0.04811182990670204
              ]
            ]
          }
        },
        {
          "object_id": "6550890",
          "color_index": 2,
          "gaussian_3d": {
            "mean": [
              1.6657687425613403,
              6.2642502784729,
              0.8473703265190125
            ],
            "covariance": [
              [
                0.0062957946211099625,
                -0.004074252676218748,
                -0.0026143048889935017
              ],
              [
                -0.004074252676218748,
                0.007774872239679098,
                -0.009714005514979362
              ],
              [
                -0.0026143048889935017,
                -0.009714005514979362,
                0.09146376699209213
              ]
            ]
          }
        },
        {
          "object_id": "10081607",
          "color_index": 3,
          "gaussian_3d": {
            "mean": [
              1.7489259243011475,
              3.85958194732666,
              -0.14568433165550232
            ],
            "covariance": [
              [
                0.0017157015390694141,
                -0.0006925233174115419,
                0.005639588460326195
              ],
              [
                -0.0006925233174115419,
                0.01049303263425827,
                -0.0014925799332559109
              ],
              [
                0.005639588460326195,
                -0.0014925799332559109,
                0.040663450956344604
              ]
            ]
          }
        },
        {
          "object_id": "14802278",
          "color_index": 4,
          "gaussian_3d": {
            "mean": [
              0.10886615514755249,
              2.5976459980010986,
              -0.08027923852205276
            ],
            "covariance": [
              [
                0.007022671401500702,
                0.004372681025415659,
                0.00029402191285043955
              ],
              [
                0.004372681025415659,
                0.02279440313577652,
                -0.04403694346547127
              ],
              [
                0.00029402191285043955,
                -0.04403694346547127,
                0.13418224453926086
              ]
            ]
          }
        },
        {
          "object_id": "15351475",
          "color_index": 5,
          "gaussian_3d": {
            "mean": [
              -0.169524148106575,
              2.7490878105163574,
              -0.020064841955900192
            ],
            "covariance": [
              [
                0.006969841197133064,
                -0.0046111177653074265,
                0.014070749282836914
              ],
              [
                -0.0046111177653074265,
                0.02733439765870571,
                -0.05176305025815964
              ],
              [
                0.014070749282836914,
                -0.05176305025815964,
                0.1252373456954956
              ]
            ]
          }
        },
        {
          "object_id": "16094734",
          "color_index": 6,
          "gaussian_3d": {
            "mean": [
              2.167853593826294,
              5.212747097015381,
              0.5348009467124939
            ],
            "covariance": [
              [
                0.0029007387347519398,
                -0.00202158372849226,
                0.0044321888126432896
              ],
              [
                -0.00202158372849226,
                0.009510643780231476,
                -0.02762078121304512
              ],
              [
                0.0044321888126432896,
                -0.02762078121304512,
                0.13614395260810852
              ]
            ]
          }
        }
      ]
    },
    {
      "frame_index": 7,
      "objects": [
        {
          "object_id": "4304828",
          "color_index": 0,
          "gaussian_3d": {
            "mean": [
              -1.9166107177734375,
              4.738102436065674,
              0.7091256380081177
            ],
            "covariance": [
              [
                0.0024931952357292175,
                -0.0021085075568407774,
                -0.009118939749896526
              ],
              [
                -0.0021085075568407774,
                0.01793646067380905,
                0.009618232026696205
              ],
              [
                -0.009118939749896526,
                0.009618232026696205,
                0.08295732736587524
              ]
            ]
          }
        },
        {
          "object_id": "6423644",
          "color_index": 1,
          "gaussian_3d": {
            "mean": [
              -1.7356045246124268,
              4.0109992027282715,
              0.08847474306821823
            ],
            "covariance": [
              [
                0.007685608696192503,
                0.0026812306605279446,
                0.007296643685549498
              ],
              [
                0.0026812306605279446,
                0.013057148084044456,
                -0.015002780593931675
              ],
              [
                0.007296643685549498,
                -0.015002780593931675,
                0.04811182990670204
              ]
            ]
          }
        },
        {
          "object_id": "6550890",
          "color_index": 2,
          "gaussian_3d": {
            "mean": [
              1.669785976409912,
              6.279160976409912,
              0.8493850231170654
            ],
            "covariance": [
              [
                0.0062957946211099625,
                -0.004074252676218748,
                -0.0026143048889935017
              ],
              [
                -0.004074252676218748,
                0.007774872239679098,
                -0.009714005514979362
              ],
              [
                -0.0026143048889935017,
                -0.009714005514979362,
                0.09146376699209213
              ]
            ]
          }
        },
        {
          "object_id": "10081607",
          "color_index": 3,
          "gaussian_3d": {
            "mean": [
              1.7508788108825684,
              3.863715410232544,
              -0.1454726606607437
            ],
            "covariance": [
              [
                0.0017157015390694141,
                -0.0006925233174115419,
                0.005639588460326195
              ],
