{
  "metadata": {
    "scene_name": "horsejump-low-move",
    "num_frames": 49,
    "num_objects": 2,
    "frame_step": 1,
    "gaussian_mode": "first_frame_shape",
    "mean_source": "hybrid",
    "obj_id_to_color_idx": {
      "14802278": 0,
      "15351475": 1
    }
  },
  "frames": [
    {
      "frame_index": 0,
      "objects": [
        {
          "object_id": "14802278",
          "color_index": 0,
          "gaussian_3d": {
            "mean": [
              -0.662209689617157,
              7.746701717376709,
              -0.11430087685585022
            ],
            "covariance": [
              [
                0.264578640460968,
                -0.026366204023361206,
                0.06499060243368149
              ],
              [
                -0.026366204023361206,
                0.014356175437569618,
                -0.00014196592383086681
              ],
              [
                0.06499060243368149,
                -0.00014196592383086681,
                0.09796889871358871
              ]
            ]
          }
        },
        {
          "object_id": "15351475",
          "color_index": 1,
          "gaussian_3d": {
            "mean": [
              -0.7458831071853638,
              9.068142890930176,
              0.26068171858787537
            ],
            "covariance": [
              [
                0.004742385353893042,
                -0.009106755256652832,
                -0.01745034195482731
              ],
              [
                -0.009106755256652832,
                0.030621860176324844,
                0.054195597767829895
              ],
              [
                -0.01745034195482731,
                0.054195597767829895,
                0.11754604429006577
              ]
            ]
          }
        }
      ]
    },
    {
      "frame_index": 1,
      "objects": [
        {
          "object_id": "14802278",
          "color_index": 0,
          "gaussian_3d": {
            "mean": [
              -0.5061498880386353,
              7.656481742858887,
              -0.09932740032672882
            ],
            "covariance": [
              [
                0.264578640460968,
                -0.026366204023361206,
                0.06499060243368149
              ],
              [
                -0.026366204023361206,
                0.014356175437569618,
                -0.00014196592383086681
              ],
              [
                0.06499060243368149,
                -0.00014196592383086681,
                0.09796889871358871
              ]
            ]
          }
        },
        {
          "object_id": "15351475",
          "color_index": 1,
          "gaussian_3d": {
            "mean": [
              -0.5205621719360352,
              8.313248634338379,
              0.25843995809555054
            ],
            "covariance": [
              [
                0.004742385353893042,
                -0.009106755256652832,
                -0.01745034195482731
              ],
              [
                -0.009106755256652832,
                0.030621860176324844,
                0.054195597767829895
              ],
              [
                -0.01745034195482731,
                0.054195597767829895,
                0.11754604429006577
              ]
            ]
          }
        }
      ]
    },
    {
      "frame_index": 2,
      "objects": [
        {
          "object_id": "14802278",
          "color_index": 0,
          "gaussian_3d": {
            "mean": [
              -0.35369235277175903,
              7.830135345458984,
              -0.07735051959753036
            ],
            "covariance": [
              [
                0.264578640460968,
                -0.026366204023361206,
                0.06499060243368149
              ],
              [
                -0.026366204023361206,
                0.014356175437569618,
                -0.00014196592383086681
              ],
              [
                0.06499060243368149,
                -0.00014196592383086681,
                0.09796889871358871
              ]
            ]
          }
        },
        {
          "object_id": "15351475",
          "color_index": 1,
          "gaussian_3d": {
            "mean": [
              -0.35565996170043945,
              8.770090103149414,
              0.29003310203552246
            ],
            "covariance": [
              [
                0.004742385353893042,
                -0.009106755256652832,
                -0.01745034195482731
              ],
              [
                -0.009106755256652832,
                0.030621860176324844,
                0.054195597767829895
              ],
              [
                -0.01745034195482731,
                0.054195597767829895,
                0.11754604429006577
              ]
            ]
          }
        }
      ]
    },
    {
      "frame_index": 3,
      "objects": [
        {
          "object_id": "14802278",
          "color_index": 0,
          "gaussian_3d": {
            "mean": [
              -0.19443778693675995,
              7.867300033569336,
              -0.055736690759658813
            ],
            "covariance": [
              [
                0.264578640460968,
                -0.026366204023361206,
                0.06499060243368149
              ],
              [
                -0.026366204023361206,
                0.014356175437569618,
                -0.00014196592383086681
              ],
              [
                0.06499060243368149,
                -0.00014196592383086681,
                0.09796889871358871
              ]
            ]
          }
        },
        {
          "object_id": "15351475",
          "color_index": 1,
          "gaussian_3d": {
            "mean": [
              -0.17964448034763336,
              8.905477523803711,
              0.33451399207115173
            ],
            "covariance": [
              [
                0.004742385353893042,
                -0.009106755256652832,
                -0.01745034195482731
              ],
              [
                -0.009106755256652832,
                0.030621860176324844,
                0.054195597767829895
              ],
              [
                -0.01745034195482731,
                0.054195597767829895,
                0.11754604429006577
              ]
            ]
          }
        }
      ]
    },
    {
      "frame_index": 4,
      "objects": [
        {
          "object_id": "14802278",
          "color_index": 0,
          "gaussian_3d": {
            "mean": [
              -0.030739396810531616,
              7.950104236602783,
              -0.030282318592071533
            ],
            "covariance": [
              [
                0.264578640460968,
                -0.026366204023361206,
                0.06499060243368149
              ],
              [
                -0.026366204023361206,
                0.014356175437569618,
                -0.00014196592383086681
              ],
              [
                0.06499060243368149,
                -0.00014196592383086681,
                0.09796889871358871
              ]
            ]
          }
        },
        {
          "object_id": "15351475",
          "color_index": 1,
          "gaussian_3d": {
            "mean": [
              0.0010230574989691377,
              9.076970100402832,
              0.39599210023880005
            ],
            "covariance": [
              [
                0.004742385353893042,
                -0.009106755256652832,
                -0.01745034195482731
              ],
              [
                -0.009106755256652832,
                0.030621860176324844,
                0.054195597767829895
              ],
              [
                -0.01745034195482731,
                0.054195597767829895,
                0.11754604429006577
              ]
            ]
          }
        }
      ]
    },
    {
      "frame_index": 5,
      "objects": [
        {
          "object_id": "14802278",
          "color_index": 0,
          "gaussian_3d": {
            "mean": [
              0.12327611446380615,
              7.9176554679870605,
              -0.02631927840411663
            ],
            "covariance": [
              [
                0.264578640460968,
                -0.026366204023361206,
                0.06499060243368149
              ],
              [
                -0.026366204023361206,
                0.014356175437569618,
                -0.00014196592383086681
              ],
              [
                0.06499060243368149,
                -0.00014196592383086681,
                0.09796889871358871
              ]
            ]
          }
        },
        {
          "object_id": "15351475",
          "color_index": 1,
          "gaussian_3d": {
            "mean": [
              0.17531073093414307,
              8.871965408325195,
              0.4109800159931183
            ],
            "covariance": [
              [
                0.004742385353893042,
                -0.009106755256652832,
                -0.01745034195482731
              ],
              [
                -0.009106755256652832,
                0.030621860176324844,
                0.054195597767829895
              ],
              [
                -0.01745034195482731,
                0.054195597767829895,
                0.11754604429006577
              ]
            ]
          }
        }
      ]
    },
    {
      "frame_index": 6,
      "objects": [
        {
          "object_id": "14802278",
          "color_index": 0,
          "gaussian_3d": {
            "mean": [
              0.2841150462627411,
              8.059427261352539,
              -0.024132734164595604
            ],
            "covariance": [
              [
                0.264578640460968,
                -0.026366204023361206,
                0.06499060243368149
              ],
              [
                -0.026366204023361206,
                0.014356175437569618,
                -0.00014196592383086681
              ],
              [
                0.06499060243368149,
                -0.00014196592383086681,
                0.09796889871358871
              ]
            ]
          }
        },
        {
          "object_id": "15351475",
          "color_index": 1,
          "gaussian_3d": {
            "mean": [
              0.3712396025657654,
              9.343476295471191,
              0.4477311670780182
            ],
            "covariance": [
              [
                0.004742385353893042,
                -0.009106755256652832,
                -0.01745034195482731
              ],
              [
                -0.009106755256652832,
                0.030621860176324844,
                0.054195597767829895
              ],
              [
                -0.01745034195482731,
                0.054195597767829895,
                0.11754604429006577
              ]
            ]
          }
        }
      ]
    },
    {
      "frame_index": 7,
      "objects": [
        {
          "object_id": "14802278",
          "color_index": 0,
          "gaussian_3d": {
            "mean": [
              0.4275940954685211,
              7.783082962036133,
              -0.034165266901254654
            ],
            "covariance": [
              [
                0.264578640460968,
                -0.026366204023361206,
                0.06499060243368149
              ],
              [
                -0.026366204023361206,
                0.014356175437569618,
                -0.00014196592383086681
              ],
              [
                0.06499060243368149,
                -0.00014196592383086681,
                0.09796889871358871
              ]
            ]
          }
        },
        {
          "object_id": "15351475",
          "color_index": 1,
          "gaussian_3d": {
            "mean": [
              0.512275755405426,
              8.699960708618164,
              0.4532226622104645
            ],
            "covariance": [
              [
                0.004742385353893042,
                -0.009106755256652832,
                -0.01745034195482731
              ],
              [
                -0.009106755256652832,
                0.030621860176324844,
                0.054195597767829895
              ],
              [
                -0.01745034195482731,
                0.054195597767829895,
                0.11754604429006577
              ]
            ]
          }
        }
      ]
    },
    {
      "frame_index": 8,
      "objects": [
        {
          "object_id": "14802278",
          "color_index": 0,
          "gaussian_3d": {
            "mean": [
              0.5829035043716431,
              7.819189548492432,
              -0.05331934615969658
            ],
            "covariance": [
              [
                0.264578640460968,
                -0.026366204023361206,
                0.06499060243368149
              ],
              [
                -0.026366204023361206,
                0.014356175437569618,
                -0.00014196592383086681
              ],
              [
                0.06499060243368149,
                -0.00014196592383086681,
                0.09796889871358871
              ]
            ]
          }
        },
        {
          "object_id": "15351475",
          "color_index": 1,
          "gaussian_3d": {
            "mean": [
              0.678408682346344,
              8.487645149230957,
              0.43855082988739014
            ],
            "covariance": [
              [
                0.004742385353893042,
                -0.009106755256652832,
                -0.01745034195482731
              ],
              [
                -0.009106755256652832,
                0.030621860176324844,
                0.054195597767829895
              ],
              [
                -0.01745034195482731,
                0.054195597767829895,
                0.11754604429006577
              ]
            ]
          }
        }
      ]
    },
    {
      "frame_index": 9,
      "objects": [
        {
          "object_id": "14802278",
          "color_index": 0,
          "gaussian_3d": {
            "mean": [
              0.7330271005630493,
              7.859971046447754,
              -0.06836072355508804
            ],
            "covariance": [
              [
                0.264578640460968,
                -0.026366204023361206,
                0.06499060243368149
              ],
              [
                -0.026366204023361206,
                0.014356175437569618,
                -0.00014196592383086681
              ],
              [
                0.06499060243368149,
                -0.00014196592383086681,
                0.09796889871358871
              ]
            ]
          }
        },
        {
          "object_id": "15351475",
          "color_index": 1,
          "gaussian_3d": {
            "mean": [
              0.8878723382949829,
              8.872193336486816,
              0.463283509016037
            ],
            "covariance": [
              [
                0.004742385353893042,
                -0.009106755256652832,
                -0.01745034195482731
              ],
              [
                -0.009106755256652832,
                0.030621860176324844,
                0.054195597767829895
              ],
              [
                -0.01745034195482731,
                0.054195597767829895,
                0.11754604429006577
              ]
            ]
          }
        }
      ]
    },
    {
      "frame_index": 10,
      "objects": [
        {
          "object_id": "14802278",
          "color_index": 0,
          "gaussian_3d": {
            "mean": [
              0.8782618045806885,
              7.8789591789245605,
              -0.08186322450637817
            ],
            "covariance": [
              [
                0.264578640460968,
                -0.026366204023361206,
                0.06499060243368149
              ],
              [
                -0.026366204023361206,
                0.014356175437569618,
                -0.00014196592383086681
              ],
              [
                0.06499060243368149,
                -0.00014196592383086681,
                0.09796889871358871
              ]
            ]
          }
        },
        {
          "object_id": "15351475",
          "color_index": 1,
          "gaussian_3d": {
            "mean": [
              1.0870972871780396,
              9.012532234191895,
              0.44080662727355957
            ],
            "covariance": [
              [
                0.004742385353893042,
                -0.009106755256652832,
                -0.01745034195482731
              ],
              [
                -0.009106755256652832,
                0.030621860176324844,
                0.054195597767829895
              ],
              [
                -0.01745034195482731,
                0.054195597767829895,
                0.11754604429006577
              ]
            ]
          }
        }
      ]
    },
    {
      "frame_index": 11,
      "objects": [
        {
          "object_id": "14802278",
          "color_index": 0,
          "gaussian_3d": {
            "mean": [
              1.0308279991149902,
              7.903139591217041,
              -0.07335115969181061
            ],
            "covariance": [
              [
                0.264578640460968,
                -0.026366204023361206,
                0.06499060243368149
              ],
              [
                -0.026366204023361206,
                0.014356175437569618,
                -0.00014196592383086681
              ],
              [
                0.06499060243368149,
                -0.00014196592383086681,
                0.09796889871358871
              ]
            ]
          }
        },
        {
          "object_id": "15351475",
          "color_index": 1,
          "gaussian_3d": {
            "mean": [
              1.2274119853973389,
              8.711357116699219,
              0.3908909261226654
            ],
            "covariance": [
              [
                0.004742385353893042,
                -0.009106755256652832,
                -0.01745034195482731
              ],
              [
                -0.009106755256652832,
                0.030621860176324844,
                0.054195597767829895
              ],
              [
                -0.01745034195482731,
                0.054195597767829895,
                0.11754604429006577
              ]
            ]
          }
        }
      ]
    },
    {
      "frame_index": 12,
      "objects": [
        {
          "object_id": "14802278",
          "color_index": 0,
          "gaussian_3d": {
            "mean": [
              1.188857913017273,
              7.9508562088012695,
              -0.0458139106631279
            ],
            "covariance": [
              [
                0.264578640460968,
                -0.026366204023361206,
                0.06499060243368149
              ],
              [
                -0.026366204023361206,
                0.014356175437569618,
                -0.00014196592383086681
              ],
              [
                0.06499060243368149,
                -0.00014196592383086681,
                0.09796889871358871
              ]
            ]
          }
        },
        {
          "object_id": "15351475",
          "color_index": 1,
          "gaussian_3d": {
            "mean": [
              1.3586807250976562,
              8.47243595123291,
              0.3582385182380676
            ],
            "covariance": [
              [
                0.004742385353893042,
                -0.009106755256652832,
                -0.01745034195482731
              ],
              [
                -0.009106755256652832,
                0.030621860176324844,
                0.054195597767829895
              ],
              [
                -0.01745034195482731,
                0.054195597767829895,
                0.11754604429006577
              ]
            ]
          }
        }
      ]
    },
    {
      "frame_index": 13,
      "objects": [
        {
          "object_id": "14802278",
          "color_index": 0,
          "gaussian_3d": {
            "mean": [
              1.3457818031311035,
              7.92179012298584,
              -0.004686783533543348
            ],
            "covariance": [
              [
                0.264578640460968,
                -0.026366204023361206,
                0.06499060243368149
              ],
              [
                -0.026366204023361206,
                0.014356175437569618,
                -0.00014196592383086681
              ],
              [
                0.06499060243368149,
                -0.00014196592383086681,
                0.09796889871358871
              ]
            ]
          }
        },
        {
          "object_id": "15351475",
          "color_index": 1,
          "gaussian_3d": {
            "mean": [
              1.508542776107788,
              8.444384574890137,
              0.3694342076778412
            ],
            "covariance": [
              [
                0.004742385353893042,
                -0.009106755256652832,
                -0.01745034195482731
              ],
              [
                -0.009106755256652832,
                0.030621860176324844,
                0.054195597767829895
              ],
              [
                -0.01745034195482731,
                0.054195597767829895,
                0.11754604429006577
              ]
            ]
          }
        }
      ]
    },
    {
      "frame_index": 14,
      "objects": [
        {
          "object_id": "14802278",
          "color_index": 0,
          "gaussian_3d": {
            "mean": [
              1.4934635162353516,
              7.975776195526123,
              0.039918385446071625
            ],
            "covariance": [
              [
                0.264578640460968,
                -0.026366204023361206,
                0.06499060243368149
              ],
              [
                -0.026366204023361206,
                0.014356175437569618,
                -0.00014196592383086681
              ],
              [
                0.06499060243368149,
                -0.00014196592383086681,
                0.09796889871358871
              ]
            ]
          }
        },
        {
          "object_id": "15351475",
          "color_index": 1,
          "gaussian_3d": {
            "mean": [
              1.6373590230941772,
              8.305232048034668,
              0.3923065960407257
            ],
            "covariance": [
              [
                0.004742385353893042,
                -0.009106755256652832,
                -0.01745034195482731
              ],
              [
                -0.009106755256652832,
                0.030621860176324844,
                0.054195597767829895
              ],
              [
                -0.01745034195482731,
                0.054195597767829895,
                0.11754604429006577
              ]
            ]
          }
        }
      ]
    },
    {
      "frame_index": 15,
      "objects": [
        {
          "object_id": "14802278",
          "color_index": 0,
          "gaussian_3d": {
            "mean": [
              1.6197885274887085,
              7.86160135269165,
              0.09914319217205048
            ],
            "covariance": [
              [
                0.264578640460968,
                -0.026366204023361206,
                0.06499060243368149
              ],
              [
                -0.026366204023361206,
                0.014356175437569618,
                -0.00014196592383086681
              ],
              [
                0.06499060243368149,
                -0.00014196592383086681,
                0.09796889871358871
              ]
            ]
          }
        },
        {
          "object_id": "15351475",
          "color_index": 1,
          "gaussian_3d": {
            "mean": [
              1.7415002584457397,
              8.132712364196777,
              0.46522337198257446
            ],
            "covariance": [
              [
                0.004742385353893042,
                -0.009106755256652832,
                -0.01745034195482731
              ],
              [
                -0.009106755256652832,
                0.030621860176324844,
                0.054195597767829895
              ],
              [
                -0.01745034195482731,
                0.054195597767829895,
                0.11754604429006577
              ]
            ]
          }
        }
      ]
    },
    {
      "frame_index": 16,
      "objects": [
        {
          "object_id": "14802278",
          "color_index": 0,
          "gaussian_3d": {
            "mean": [
              1.7434521913528442,
              7.800783634185791,
              0.15235888957977295
            ],
            "covariance": [
              [
                0.264578640460968,
                -0.026366204023361206,
                0.06499060243368149
              ],
              [
                -0.026366204023361206,
                0.014356175437569618,
                -0.00014196592383086681
              ],
              [
                0.06499060243368149,
                -0.00014196592383086681,
                0.09796889871358871
              ]
            ]
          }
        },
        {
          "object_id": "15351475",
          "color_index": 1,
          "gaussian_3d": {
            "mean": [
              1.9385912418365479,
              8.390901565551758,
              0.5546885132789612
            ],
            "covariance": [
              [
                0.004742385353893042,
                -0.009106755256652832,
                -0.01745034195482731
              ],
              [
                -0.009106755256652832,
                0.030621860176324844,
                0.054195597767829895
              ],
              [
                -0.01745034195482731,
                0.054195597767829895,
                0.11754604429006577
              ]
            ]
          }
        }
      ]
    },
    {
      "frame_index": 17,
      "objects": [
        {
          "object_id": "14802278",
          "color_index": 0,
          "gaussian_3d": {
            "mean": [
              1.8699369430541992,
              7.732319355010986,
              0.20273573696613312
            ],
            "covariance": [
              [
                0.264578640460968,
                -0.026366204023361206,
                0.06499060243368149
              ],
              [
                -0.026366204023361206,
                0.014356175437569618,
                -0.00014196592383086681
              ],
              [
                0.06499060243368149,
                -0.00014196592383086681,
                0.09796889871358871
              ]
            ]
          }
        },
        {
          "object_id": "15351475",
          "color_index": 1,
          "gaussian_3d": {
            "mean": [
              2.1270833015441895,
              8.552067756652832,
              0.6669543385505676
            ],
            "covariance": [
              [
                0.004742385353893042,
                -0.009106755256652832,
                -0.01745034195482731
              ],
              [
                -0.009106755256652832,
                0.030621860176324844,
                0.054195597767829895
              ],
              [
                -0.01745034195482731,
                0.054195597767829895,
                0.11754604429006577
              ]
            ]
          }
        }
      ]
    },
    {
      "frame_index": 18,
      "objects": [
        {
          "object_id": "14802278",
          "color_index": 0,
          "gaussian_3d": {
            "mean": [
              1.9682846069335938,
              7.588521957397461,
              0.23254969716072083
            ],
            "covariance": [
              [
                0.264578640460968,
                -0.026366204023361206,
                0.06499060243368149
              ],
              [
                -0.026366204023361206,
                0.014356175437569618,
                -0.00014196592383086681
              ],
              [
                0.06499060243368149,
                -0.00014196592383086681,
                0.09796889871358871
              ]
            ]
          }
        },
        {
          "object_id": "15351475",
          "color_index": 1,
          "gaussian_3d": {
            "mean": [
              2.1081602573394775,
              7.917273044586182,
              0.6818774342536926
            ],
            "covariance": [
              [
                0.004742385353893042,
                -0.009106755256652832,
                -0.01745034195482731
              ],
              [
                -0.009106755256652832,
                0.030621860176324844,
                0.054195597767829895
              ],
              [
                -0.01745034195482731,
                0.054195597767829895,
                0.11754604429006577
              ]
            ]
          }
        }
      ]
    },
    {
      "frame_index": 19,
      "objects": [
        {
          "object_id": "14802278",
          "color_index": 0,
          "gaussian_3d": {
            "mean": [
              2.056248188018799,
              7.439057350158691,
              0.23812469840049744
            ],
            "covariance": [
              [
                0.264578640460968,
                -0.026366204023361206,
                0.06499060243368149
              ],
              [
                -0.026366204023361206,
                0.014356175437569618,
                -0.00014196592383086681
              ],
              [
                0.06499060243368149,
                -0.00014196592383086681,
                0.09796889871358871
              ]
            ]
          }
        },
        {
          "object_id": "15351475",
          "color_index": 1,
          "gaussian_3d": {
            "mean": [
              2.2157211303710938,
              7.796719551086426,
              0.7530859708786011
            ],
            "covariance": [
              [
                0.004742385353893042,
                -0.009106755256652832,
                -0.01745034195482731
              ],
              [
                -0.009106755256652832,
                0.030621860176324844,
                0.054195597767829895
              ],
              [
                -0.01745034195482731,
                0.054195597767829895,
                0.11754604429006577
              ]
            ]
          }
        }
      ]
    },
    {
      "frame_index": 20,
      "objects": [
        {
          "object_id": "14802278",
          "color_index": 0,
          "gaussian_3d": {
            "mean": [
              2.1651625633239746,
              7.368517875671387,
              0.26023274660110474
            ],
            "covariance": [
              [
                0.264578640460968,
                -0.026366204023361206,
                0.06499060243368149
              ],
              [
                -0.026366204023361206,
                0.014356175437569618,
                -0.00014196592383086681
              ],
              [
                0.06499060243368149,
                -0.00014196592383086681,
                0.09796889871358871
              ]
            ]
          }
        },
        {
          "object_id": "15351475",
          "color_index": 1,
          "gaussian_3d": {
            "mean": [
              2.2717902660369873,
              7.545327663421631,
              0.7628791332244873
            ],
            "covariance": [
              [
                0.004742385353893042,
                -0.009106755256652832,
                -0.01745034195482731
              ],
              [
                -0.009106755256652832,
                0.030621860176324844,
                0.054195597767829895
              ],
              [
                -0.01745034195482731,
                0.054195597767829895,
                0.11754604429006577
              ]
            ]
          }
        }
      ]
    },
    {
      "frame_index": 21,
      "objects": [
        {
          "object_id": "14802278",
          "color_index": 0,
          "gaussian_3d": {
            "mean": [
              2.2770206928253174,
              7.3228888511657715,
              0.2879312336444855
            ],
            "covariance": [
              [
                0.264578640460968,
                -0.026366204023361206,
                0.06499060243368149
              ],
              [
                -0.026366204023361206,
                0.014356175437569618,
                -0.00014196592383086681
              ],
              [
                0.06499060243368149,
                -0.00014196592383086681,
                0.09796889871358871
              ]
            ]
          }
        },
        {
          "object_id": "15351475",
          "color_index": 1,
          "gaussian_3d": {
            "mean": [
              2.4200963973999023,
              7.6028594970703125,
              0.8425530791282654
            ],
            "covariance": [
              [
                0.004742385353893042,
                -0.009106755256652832,
                -0.01745034195482731
              ],
              [
                -0.009106755256652832,
                0.030621860176324844,
                0.054195597767829895
              ],
              [
                -0.01745034195482731,
                0.054195597767829895,
                0.11754604429006577
              ]
            ]
          }
        }
      ]
    },
    {
      "frame_index": 22,
      "objects": [
        {
          "object_id": "14802278",
          "color_index": 0,
          "gaussian_3d": {
            "mean": [
              2.38360857963562,
              7.2573676109313965,
              0.3241354823112488
            ],
            "covariance": [
              [
                0.264578640460968,
                -0.026366204023361206,
                0.06499060243368149
              ],
              [
                -0.026366204023361206,
                0.014356175437569618,
                -0.00014196592383086681
              ],
              [
                0.06499060243368149,
                -0.00014196592383086681,
                0.09796889871358871
              ]
            ]
          }
        },
        {
          "object_id": "15351475",
          "color_index": 1,
          "gaussian_3d": {
            "mean": [
              2.5691237449645996,
              7.650336265563965,
              0.9020514488220215
            ],
            "covariance": [
              [
                0.004742385353893042,
                -0.009106755256652832,
                -0.01745034195482731
              ],
              [
                -0.009106755256652832,
                0.030621860176324844,
                0.054195597767829895
              ],
              [
                -0.01745034195482731,
                0.054195597767829895,
                0.11754604429006577
              ]
            ]
          }
        }
      ]
    },
    {
      "frame_index": 23,
      "objects": [
        {
          "object_id": "14802278",
          "color_index": 0,
          "gaussian_3d": {
            "mean": [
              2.471601724624634,
              7.180782794952393,
              0.37019604444503784
            ],
            "covariance": [
              [
                0.264578640460968,
                -0.026366204023361206,
                0.06499060243368149
              ],
              [
                -0.026366204023361206,
                0.014356175437569618,
                -0.00014196592383086681
              ],
              [
                0.06499060243368149,
                -0.00014196592383086681,
                0.09796889871358871
              ]
            ]
          }
        },
        {
          "object_id": "15351475",
          "color_index": 1,
          "gaussian_3d": {
            "mean": [
              2.5598013401031494,
              7.2299113273620605,
              0.8797931671142578
            ],
            "covariance": [
              [
                0.004742385353893042,
                -0.009106755256652832,
                -0.01745034195482731
              ],
              [
                -0.009106755256652832,
                0.030621860176324844,
                0.054195597767829895
              ],
              [
                -0.01745034195482731,
                0.054195597767829895,
                0.11754604429006577
              ]
            ]
          }
        }
      ]
    },
    {
      "frame_index": 24,
      "objects": [
        {
          "object_id": "14802278",
          "color_index": 0,
          "gaussian_3d": {
            "mean": [
              2.6068155765533447,
              7.19677734375,
              0.44950637221336365
            ],
            "covariance": [
              [
                0.264578640460968,
                -0.026366204023361206,
                0.06499060243368149
              ],
              [
                -0.026366204023361206,
                0.014356175437569618,
                -0.00014196592383086681
              ],
              [
                0.06499060243368149,
                -0.00014196592383086681,
                0.09796889871358871
              ]
            ]
          }
        },
        {
          "object_id": "15351475",
          "color_index": 1,
          "gaussian_3d": {
            "mean": [
              2.9000942707061768,
              7.781763553619385,
              1.0173156261444092
            ],
            "covariance": [
              [
                0.004742385353893042,
                -0.009106755256652832,
                -0.01745034195482731
              ],
              [
                -0.009106755256652832,
                0.030621860176324844,
                0.054195597767829895
              ],
              [
                -0.01745034195482731,
                0.054195597767829895,
                0.11754604429006577
              ]
            ]
          }
        }
      ]
    },
    {
      "frame_index": 25,
      "objects": [
        {
          "object_id": "14802278",
          "color_index": 0,
          "gaussian_3d": {
            "mean": [
              2.7080979347229004,
              7.085997581481934,
              0.5160987973213196
            ],
            "covariance": [
              [
                0.264578640460968,
                -0.026366204023361206,
                0.06499060243368149
              ],
              [
                -0.026366204023361206,
                0.014356175437569618,
                -0.00014196592383086681
              ],
              [
                0.06499060243368149,
                -0.00014196592383086681,
                0.09796889871358871
              ]
            ]
          }
        },
        {
          "object_id": "15351475",
          "color_index": 1,
          "gaussian_3d": {
            "mean": [
              3.271026372909546,
              8.338309288024902,
              1.2231591939926147
            ],
