{
  "metadata": {
    "scene_name": "prex-boat-edited-dense",
    "num_frames": 49,
    "num_objects": 1,
    "frame_step": 1,
    "gaussian_mode": "first_frame_shape",
    "mean_source": "hybrid",
    "obj_id_to_color_idx": {
      "14802278": 0
    }
  },
  "frames": [
    {
      "frame_index": 0,
      "objects": [
        {
          "object_id": "14802278",
          "color_index": 0,
          "gaussian_3d": {
            "mean": [
              4.2242045402526855,
              66.80411529541016,
              -2.6153481006622314
            ],
            "covariance": [
              [
                13.62928295135498,
                0.9431928396224976,
                -0.8105318546295166
              ],
              [
                0.9431928396224976,
                0.34499862790107727,
                0.2283737063407898
              ],
              [
                -0.8105318546295166,
                0.2283737063407898,
                0.6230379939079285
              ]
            ]
          }
        }
      ]
    },
    {
      "frame_index": 1,
      "objects": [
        {
          "object_id": "14802278",
          "color_index": 0,
          "gaussian_3d": {
            "mean": [
              4.221212863922119,
              66.80110168457031,
              -2.5914995670318604
            ],
            "covariance": [
              [
                13.62928295135498,
                0.9431928396224976,
                -0.8105318546295166
              ],
              [
                0.9431928396224976,
                0.34499862790107727,
                0.2283737063407898
              ],
              [
                -0.8105318546295166,
                0.2283737063407898,
                0.6230379939079285
              ]
            ]
          }
        }
      ]
    },
    {
      "frame_index": 2,
      "objects": [
        {
          "object_id": "14802278",
          "color_index": 0,
          "gaussian_3d": {
            "mean": [
              4.190029144287109,
              66.82642364501953,
              -2.564317226409912
            ],
            "covariance": [
              [
                13.62928295135498,
                0.9431928396224976,
                -0.8105318546295166
              ],
              [
                0.9431928396224976,
                0.34499862790107727,
                0.2283737063407898
              ],
              [
                -0.8105318546295166,
                0.2283737063407898,
                0.6230379939079285
              ]
            ]
          }
        }
      ]
    },
    {
      "frame_index": 3,
      "objects": [
        {
          "object_id": "14802278",
          "color_index": 0,
          "gaussian_3d": {
            "mean": [
              4.150821208953857,
              66.83282470703125,
              -2.539361000061035
            ],
            "covariance": [
              [
                13.62928295135498,
                0.9431928396224976,
                -0.8105318546295166
              ],
              [
                0.9431928396224976,
                0.34499862790107727,
                0.2283737063407898
              ],
              [
                -0.8105318546295166,
                0.2283737063407898,
                0.6230379939079285
              ]
            ]
          }
        }
      ]
    },
    {
      "frame_index": 4,
      "objects": [
        {
          "object_id": "14802278",
          "color_index": 0,
          "gaussian_3d": {
            "mean": [
              4.121616840362549,
              66.85753631591797,
              -2.512272596359253
            ],
            "covariance": [
              [
                13.62928295135498,
                0.9431928396224976,
                -0.8105318546295166
              ],
              [
                0.9431928396224976,
                0.34499862790107727,
                0.2283737063407898
              ],
              [
                -0.8105318546295166,
                0.2283737063407898,
                0.6230379939079285
              ]
            ]
          }
        }
      ]
    },
    {
      "frame_index": 5,
      "objects": [
        {
          "object_id": "14802278",
          "color_index": 0,
          "gaussian_3d": {
            "mean": [
              4.088352680206299,
              66.81024169921875,
              -2.4852564334869385
            ],
            "covariance": [
              [
                13.62928295135498,
                0.9431928396224976,
                -0.8105318546295166
              ],
              [
                0.9431928396224976,
                0.34499862790107727,
                0.2283737063407898
              ],
              [
                -0.8105318546295166,
                0.2283737063407898,
                0.6230379939079285
              ]
            ]
          }
        }
      ]
    },
    {
      "frame_index": 6,
      "objects": [
        {
          "object_id": "14802278",
          "color_index": 0,
          "gaussian_3d": {
            "mean": [
              4.065557479858398,
              66.9022216796875,
              -2.460636615753174
            ],
            "covariance": [
              [
                13.62928295135498,
                0.9431928396224976,
                -0.8105318546295166
              ],
              [
                0.9431928396224976,
                0.34499862790107727,
                0.2283737063407898
              ],
              [
                -0.8105318546295166,
                0.2283737063407898,
                0.6230379939079285
              ]
            ]
          }
        }
      ]
    },
    {
      "frame_index": 7,
      "objects": [
        {
          "object_id": "14802278",
          "color_index": 0,
          "gaussian_3d": {
            "mean": [
              4.03398323059082,
              66.89662170410156,
              -2.4317119121551514
            ],
            "covariance": [
              [
                13.62928295135498,
                0.9431928396224976,
                -0.8105318546295166
              ],
              [
                0.9431928396224976,
                0.34499862790107727,
                0.2283737063407898
              ],
              [
                -0.8105318546295166,
                0.2283737063407898,
                0.6230379939079285
              ]
            ]
          }
        }
      ]
    },
    {
      "frame_index": 8,
      "objects": [
        {
          "object_id": "14802278",
          "color_index": 0,
          "gaussian_3d": {
            "mean": [
              4.001226902008057,
              66.9061508178711,
              -2.403169631958008
            ],
            "covariance": [
              [
                13.62928295135498,
                0.9431928396224976,
                -0.8105318546295166
              ],
              [
                0.9431928396224976,
                0.34499862790107727,
                0.2283737063407898
              ],
              [
                -0.8105318546295166,
                0.2283737063407898,
                0.6230379939079285
              ]
            ]
          }
        }
      ]
    },
    {
      "frame_index": 9,
      "objects": [
        {
          "object_id": "14802278",
          "color_index": 0,
          "gaussian_3d": {
            "mean": [
              3.970625638961792,
              66.85009002685547,
              -2.3756103515625
            ],
            "covariance": [
              [
                13.62928295135498,
                0.9431928396224976,
                -0.8105318546295166
              ],
              [
                0.9431928396224976,
                0.34499862790107727,
                0.2283737063407898
              ],
              [
                -0.8105318546295166,
                0.2283737063407898,
                0.6230379939079285
              ]
            ]
          }
        }
      ]
    },
    {
      "frame_index": 10,
      "objects": [
        {
          "object_id": "14802278",
          "color_index": 0,
          "gaussian_3d": {
            "mean": [
              3.9280574321746826,
              66.8488998413086,
              -2.3510749340057373
            ],
            "covariance": [
              [
                13.62928295135498,
                0.9431928396224976,
                -0.8105318546295166
              ],
              [
                0.9431928396224976,
                0.34499862790107727,
                0.2283737063407898
              ],
              [
                -0.8105318546295166,
                0.2283737063407898,
                0.6230379939079285
              ]
            ]
          }
        }
      ]
    },
    {
      "frame_index": 11,
      "objects": [
        {
          "object_id": "14802278",
          "color_index": 0,
          "gaussian_3d": {
            "mean": [
              3.8897862434387207,
              66.81903076171875,
              -2.323791265487671
            ],
            "covariance": [
              [
                13.62928295135498,
                0.9431928396224976,
                -0.8105318546295166
              ],
              [
                0.9431928396224976,
                0.34499862790107727,
                0.2283737063407898
              ],
              [
                -0.8105318546295166,
                0.2283737063407898,
                0.6230379939079285
              ]
            ]
          }
        }
      ]
    },
    {
      "frame_index": 12,
      "objects": [
        {
          "object_id": "14802278",
          "color_index": 0,
          "gaussian_3d": {
            "mean": [
              3.8505685329437256,
              66.85140991210938,
              -2.294489860534668
            ],
            "covariance": [
              [
                13.62928295135498,
                0.9431928396224976,
                -0.8105318546295166
              ],
              [
                0.9431928396224976,
                0.34499862790107727,
                0.2283737063407898
              ],
              [
                -0.8105318546295166,
                0.2283737063407898,
                0.6230379939079285
              ]
            ]
          }
        }
      ]
    },
    {
      "frame_index": 13,
      "objects": [
        {
          "object_id": "14802278",
          "color_index": 0,
          "gaussian_3d": {
            "mean": [
              3.8128552436828613,
              66.77787017822266,
              -2.267069101333618
            ],
            "covariance": [
              [
                13.62928295135498,
                0.9431928396224976,
                -0.8105318546295166
              ],
              [
                0.9431928396224976,
                0.34499862790107727,
                0.2283737063407898
              ],
              [
                -0.8105318546295166,
                0.2283737063407898,
                0.6230379939079285
              ]
            ]
          }
        }
      ]
    },
    {
      "frame_index": 14,
      "objects": [
        {
          "object_id": "14802278",
          "color_index": 0,
          "gaussian_3d": {
            "mean": [
              3.7689101696014404,
              66.7929916381836,
              -2.238377809524536
            ],
            "covariance": [
              [
                13.62928295135498,
                0.9431928396224976,
                -0.8105318546295166
              ],
              [
                0.9431928396224976,
                0.34499862790107727,
                0.2283737063407898
              ],
              [
                -0.8105318546295166,
                0.2283737063407898,
                0.6230379939079285
              ]
            ]
          }
        }
      ]
    },
    {
      "frame_index": 15,
      "objects": [
        {
          "object_id": "14802278",
          "color_index": 0,
          "gaussian_3d": {
            "mean": [
              3.7285261154174805,
              66.75010681152344,
              -2.206145763397217
            ],
            "covariance": [
              [
                13.62928295135498,
                0.9431928396224976,
                -0.8105318546295166
              ],
              [
                0.9431928396224976,
                0.34499862790107727,
                0.2283737063407898
              ],
              [
                -0.8105318546295166,
                0.2283737063407898,
                0.6230379939079285
              ]
            ]
          }
        }
      ]
    },
    {
      "frame_index": 16,
      "objects": [
        {
          "object_id": "14802278",
          "color_index": 0,
          "gaussian_3d": {
            "mean": [
              3.692047595977783,
              66.80955505371094,
              -2.1790149211883545
            ],
            "covariance": [
              [
                13.62928295135498,
                0.9431928396224976,
                -0.8105318546295166
              ],
              [
                0.9431928396224976,
                0.34499862790107727,
                0.2283737063407898
              ],
              [
                -0.8105318546295166,
                0.2283737063407898,
                0.6230379939079285
              ]
            ]
          }
        }
      ]
    },
    {
      "frame_index": 17,
      "objects": [
        {
          "object_id": "14802278",
          "color_index": 0,
          "gaussian_3d": {
            "mean": [
              3.659050226211548,
              66.75495910644531,
              -2.1534221172332764
            ],
            "covariance": [
              [
                13.62928295135498,
                0.9431928396224976,
                -0.8105318546295166
              ],
              [
                0.9431928396224976,
                0.34499862790107727,
                0.2283737063407898
              ],
              [
                -0.8105318546295166,
                0.2283737063407898,
                0.6230379939079285
              ]
            ]
          }
        }
      ]
    },
    {
      "frame_index": 18,
      "objects": [
        {
          "object_id": "14802278",
          "color_index": 0,
          "gaussian_3d": {
            "mean": [
              3.623983383178711,
              66.82148742675781,
              -2.1265838146209717
            ],
            "covariance": [
              [
                13.62928295135498,
                0.9431928396224976,
                -0.8105318546295166
              ],
              [
                0.9431928396224976,
                0.34499862790107727,
                0.2283737063407898
              ],
              [
                -0.8105318546295166,
                0.2283737063407898,
                0.6230379939079285
              ]
            ]
          }
        }
      ]
    },
    {
      "frame_index": 19,
      "objects": [
        {
          "object_id": "14802278",
          "color_index": 0,
          "gaussian_3d": {
            "mean": [
              3.583425760269165,
              66.78620910644531,
              -2.096435785293579
            ],
            "covariance": [
              [
                13.62928295135498,
                0.9431928396224976,
                -0.8105318546295166
              ],
              [
                0.9431928396224976,
                0.34499862790107727,
                0.2283737063407898
              ],
              [
                -0.8105318546295166,
                0.2283737063407898,
                0.6230379939079285
              ]
            ]
          }
        }
      ]
    },
    {
      "frame_index": 20,
      "objects": [
        {
          "object_id": "14802278",
          "color_index": 0,
          "gaussian_3d": {
            "mean": [
              3.5490691661834717,
              66.86681365966797,
              -2.069310188293457
            ],
            "covariance": [
              [
                13.62928295135498,
                0.9431928396224976,
                -0.8105318546295166
              ],
              [
                0.9431928396224976,
                0.34499862790107727,
                0.2283737063407898
              ],
              [
                -0.8105318546295166,
                0.2283737063407898,
                0.6230379939079285
              ]
            ]
          }
        }
      ]
    },
    {
      "frame_index": 21,
      "objects": [
        {
          "object_id": "14802278",
          "color_index": 0,
          "gaussian_3d": {
            "mean": [
              3.524564743041992,
              66.84833526611328,
              -2.0397894382476807
            ],
            "covariance": [
              [
                13.62928295135498,
                0.9431928396224976,
                -0.8105318546295166
              ],
              [
                0.9431928396224976,
                0.34499862790107727,
                0.2283737063407898
              ],
              [
                -0.8105318546295166,
                0.2283737063407898,
                0.6230379939079285
              ]
            ]
          }
        }
      ]
    },
    {
      "frame_index": 22,
      "objects": [
        {
          "object_id": "14802278",
          "color_index": 0,
          "gaussian_3d": {
            "mean": [
              3.4870550632476807,
              66.90596771240234,
              -2.014355421066284
            ],
            "covariance": [
              [
                13.62928295135498,
                0.9431928396224976,
                -0.8105318546295166
              ],
              [
                0.9431928396224976,
                0.34499862790107727,
                0.2283737063407898
              ],
              [
                -0.8105318546295166,
                0.2283737063407898,
                0.6230379939079285
              ]
            ]
          }
        }
      ]
    },
    {
      "frame_index": 23,
      "objects": [
        {
          "object_id": "14802278",
          "color_index": 0,
          "gaussian_3d": {
            "mean": [
              3.451235294342041,
              66.9248046875,
              -1.986870288848877
            ],
            "covariance": [
              [
                13.62928295135498,
                0.9431928396224976,
                -0.8105318546295166
              ],
              [
                0.9431928396224976,
                0.34499862790107727,
                0.2283737063407898
              ],
              [
                -0.8105318546295166,
                0.2283737063407898,
                0.6230379939079285
              ]
            ]
          }
        }
      ]
    },
    {
      "frame_index": 24,
      "objects": [
        {
          "object_id": "14802278",
          "color_index": 0,
          "gaussian_3d": {
            "mean": [
              3.4145846366882324,
              67.07572174072266,
              -1.9622195959091187
            ],
            "covariance": [
              [
                13.62928295135498,
                0.9431928396224976,
                -0.8105318546295166
              ],
              [
                0.9431928396224976,
                0.34499862790107727,
                0.2283737063407898
              ],
              [
                -0.8105318546295166,
                0.2283737063407898,
                0.6230379939079285
              ]
            ]
          }
        }
      ]
    },
    {
      "frame_index": 25,
      "objects": [
        {
          "object_id": "14802278",
          "color_index": 0,
          "gaussian_3d": {
            "mean": [
              3.3843870162963867,
              67.93245697021484,
              -1.9640147686004639
            ],
            "covariance": [
              [
                13.62928295135498,
                0.9431928396224976,
                -0.8105318546295166
              ],
              [
                0.9431928396224976,
                0.34499862790107727,
                0.2283737063407898
              ],
              [
                -0.8105318546295166,
                0.2283737063407898,
                0.6230379939079285
              ]
            ]
          }
        }
      ]
    },
    {
      "frame_index": 26,
      "objects": [
        {
          "object_id": "14802278",
          "color_index": 0,
          "gaussian_3d": {
            "mean": [
              3.3393614292144775,
              68.10497283935547,
              -1.9403388500213623
            ],
            "covariance": [
              [
                13.62928295135498,
                0.9431928396224976,
                -0.8105318546295166
              ],
              [
                0.9431928396224976,
                0.34499862790107727,
                0.2283737063407898
              ],
              [
                -0.8105318546295166,
                0.2283737063407898,
                0.6230379939079285
              ]
            ]
          }
        }
      ]
    },
    {
      "frame_index": 27,
      "objects": [
        {
          "object_id": "14802278",
          "color_index": 0,
          "gaussian_3d": {
            "mean": [
              3.302823543548584,
              68.16492462158203,
              -1.9153773784637451
            ],
            "covariance": [
              [
                13.62928295135498,
                0.9431928396224976,
                -0.8105318546295166
              ],
              [
                0.9431928396224976,
                0.34499862790107727,
                0.2283737063407898
              ],
              [
                -0.8105318546295166,
                0.2283737063407898,
                0.6230379939079285
              ]
            ]
          }
        }
      ]
    },
    {
      "frame_index": 28,
      "objects": [
        {
          "object_id": "14802278",
          "color_index": 0,
          "gaussian_3d": {
            "mean": [
              3.267669200897217,
              68.2059097290039,
              -1.8878635168075562
            ],
            "covariance": [
              [
                13.62928295135498,
                0.9431928396224976,
                -0.8105318546295166
              ],
              [
                0.9431928396224976,
                0.34499862790107727,
                0.2283737063407898
              ],
              [
                -0.8105318546295166,
                0.2283737063407898,
                0.6230379939079285
              ]
            ]
          }
        }
      ]
    },
    {
      "frame_index": 29,
      "objects": [
        {
          "object_id": "14802278",
          "color_index": 0,
          "gaussian_3d": {
            "mean": [
              3.2369751930236816,
              68.23304748535156,
              -1.8599170446395874
            ],
            "covariance": [
              [
                13.62928295135498,
                0.9431928396224976,
                -0.8105318546295166
              ],
              [
                0.9431928396224976,
                0.34499862790107727,
                0.2283737063407898
              ],
              [
                -0.8105318546295166,
                0.2283737063407898,
                0.6230379939079285
              ]
            ]
          }
        }
      ]
    },
    {
      "frame_index": 30,
      "objects": [
        {
          "object_id": "14802278",
          "color_index": 0,
          "gaussian_3d": {
            "mean": [
              3.1902966499328613,
              68.27942657470703,
              -1.8359715938568115
            ],
            "covariance": [
              [
                13.62928295135498,
                0.9431928396224976,
                -0.8105318546295166
              ],
              [
                0.9431928396224976,
                0.34499862790107727,
                0.2283737063407898
              ],
              [
                -0.8105318546295166,
                0.2283737063407898,
                0.6230379939079285
              ]
            ]
          }
        }
      ]
    },
    {
      "frame_index": 31,
      "objects": [
        {
          "object_id": "14802278",
          "color_index": 0,
          "gaussian_3d": {
            "mean": [
              3.1520512104034424,
              68.30625915527344,
              -1.8111741542816162
            ],
            "covariance": [
              [
                13.62928295135498,
                0.9431928396224976,
                -0.8105318546295166
              ],
              [
                0.9431928396224976,
                0.34499862790107727,
                0.2283737063407898
              ],
              [
                -0.8105318546295166,
                0.2283737063407898,
                0.6230379939079285
              ]
            ]
          }
        }
      ]
    },
    {
      "frame_index": 32,
      "objects": [
        {
          "object_id": "14802278",
          "color_index": 0,
          "gaussian_3d": {
            "mean": [
              3.118821144104004,
              68.36123657226562,
              -1.7860392332077026
            ],
            "covariance": [
              [
                13.62928295135498,
                0.9431928396224976,
                -0.8105318546295166
              ],
              [
                0.9431928396224976,
                0.34499862790107727,
                0.2283737063407898
              ],
              [
                -0.8105318546295166,
                0.2283737063407898,
                0.6230379939079285
              ]
            ]
          }
        }
      ]
    },
    {
      "frame_index": 33,
      "objects": [
        {
          "object_id": "14802278",
          "color_index": 0,
          "gaussian_3d": {
            "mean": [
              3.090008020401001,
              68.38184356689453,
              -1.7600301504135132
            ],
            "covariance": [
              [
                13.62928295135498,
                0.9431928396224976,
                -0.8105318546295166
              ],
              [
                0.9431928396224976,
                0.34499862790107727,
                0.2283737063407898
              ],
              [
                -0.8105318546295166,
                0.2283737063407898,
                0.6230379939079285
              ]
            ]
          }
        }
      ]
    },
    {
      "frame_index": 34,
      "objects": [
        {
          "object_id": "14802278",
          "color_index": 0,
          "gaussian_3d": {
            "mean": [
              3.069599151611328,
              68.94866943359375,
              -1.752805233001709
            ],
            "covariance": [
              [
                13.62928295135498,
                0.9431928396224976,
                -0.8105318546295166
              ],
              [
                0.9431928396224976,
                0.34499862790107727,
                0.2283737063407898
              ],
              [
                -0.8105318546295166,
                0.2283737063407898,
                0.6230379939079285
              ]
            ]
          }
        }
      ]
    },
    {
      "frame_index": 35,
      "objects": [
        {
          "object_id": "14802278",
          "color_index": 0,
          "gaussian_3d": {
            "mean": [
              3.032177448272705,
              69.03385162353516,
              -1.7271512746810913
            ],
            "covariance": [
              [
                13.62928295135498,
                0.9431928396224976,
                -0.8105318546295166
              ],
              [
                0.9431928396224976,
                0.34499862790107727,
                0.2283737063407898
              ],
              [
                -0.8105318546295166,
                0.2283737063407898,
                0.6230379939079285
              ]
            ]
          }
        }
      ]
    },
    {
      "frame_index": 36,
      "objects": [
        {
          "object_id": "14802278",
          "color_index": 0,
          "gaussian_3d": {
            "mean": [
              2.9824821949005127,
              69.08245086669922,
              -1.6972527503967285
            ],
            "covariance": [
              [
                13.62928295135498,
                0.9431928396224976,
                -0.8105318546295166
              ],
              [
                0.9431928396224976,
                0.34499862790107727,
                0.2283737063407898
              ],
              [
                -0.8105318546295166,
                0.2283737063407898,
                0.6230379939079285
              ]
            ]
          }
        }
      ]
    },
    {
      "frame_index": 37,
      "objects": [
        {
          "object_id": "14802278",
          "color_index": 0,
          "gaussian_3d": {
            "mean": [
              2.9408247470855713,
              69.12353515625,
              -1.670519471168518
            ],
            "covariance": [
              [
                13.62928295135498,
                0.9431928396224976,
                -0.8105318546295166
              ],
              [
                0.9431928396224976,
                0.34499862790107727,
                0.2283737063407898
              ],
              [
                -0.8105318546295166,
                0.2283737063407898,
                0.6230379939079285
              ]
            ]
          }
        }
      ]
    },
    {
      "frame_index": 38,
      "objects": [
        {
          "object_id": "14802278",
          "color_index": 0,
          "gaussian_3d": {
            "mean": [
              2.8949968814849854,
              69.13805389404297,
              -1.6417210102081299
            ],
            "covariance": [
              [
                13.62928295135498,
                0.9431928396224976,
                -0.8105318546295166
              ],
              [
                0.9431928396224976,
                0.34499862790107727,
                0.2283737063407898
              ],
              [
                -0.8105318546295166,
                0.2283737063407898,
                0.6230379939079285
              ]
            ]
          }
        }
      ]
    },
    {
      "frame_index": 39,
      "objects": [
        {
          "object_id": "14802278",
          "color_index": 0,
          "gaussian_3d": {
            "mean": [
              2.836108684539795,
              69.16575622558594,
              -1.608996868133545
            ],
            "covariance": [
              [
                13.62928295135498,
                0.9431928396224976,
                -0.8105318546295166
              ],
              [
                0.9431928396224976,
                0.34499862790107727,
                0.2283737063407898
              ],
              [
                -0.8105318546295166,
                0.2283737063407898,
                0.6230379939079285
              ]
            ]
          }
        }
      ]
    },
    {
      "frame_index": 40,
      "objects": [
        {
          "object_id": "14802278",
          "color_index": 0,
          "gaussian_3d": {
            "mean": [
              2.797187089920044,
              69.16127014160156,
              -1.5816831588745117
            ],
            "covariance": [
              [
                13.62928295135498,
                0.9431928396224976,
                -0.8105318546295166
              ],
              [
                0.9431928396224976,
                0.34499862790107727,
                0.2283737063407898
              ],
              [
                -0.8105318546295166,
                0.2283737063407898,
                0.6230379939079285
              ]
            ]
          }
        }
      ]
    },
    {
      "frame_index": 41,
      "objects": [
        {
          "object_id": "14802278",
          "color_index": 0,
          "gaussian_3d": {
            "mean": [
              2.768064022064209,
              69.15711212158203,
              -1.553471565246582
            ],
            "covariance": [
              [
                13.62928295135498,
                0.9431928396224976,
                -0.8105318546295166
              ],
              [
                0.9431928396224976,
                0.34499862790107727,
                0.2283737063407898
              ],
              [
                -0.8105318546295166,
                0.2283737063407898,
                0.6230379939079285
              ]
            ]
          }
        }
      ]
    },
    {
      "frame_index": 42,
      "objects": [
        {
          "object_id": "14802278",
          "color_index": 0,
          "gaussian_3d": {
            "mean": [
              2.724773406982422,
              69.14191436767578,
              -1.5224148035049438
            ],
            "covariance": [
              [
                13.62928295135498,
                0.9431928396224976,
                -0.8105318546295166
              ],
              [
                0.9431928396224976,
                0.34499862790107727,
                0.2283737063407898
              ],
              [
                -0.8105318546295166,
                0.2283737063407898,
                0.6230379939079285
              ]
            ]
          }
        }
      ]
    },
    {
      "frame_index": 43,
      "objects": [
        {
          "object_id": "14802278",
          "color_index": 0,
          "gaussian_3d": {
            "mean": [
              2.68190336227417,
              69.15375518798828,
              -1.4912344217300415
            ],
            "covariance": [
              [
                13.62928295135498,
                0.9431928396224976,
                -0.8105318546295166
              ],
              [
                0.9431928396224976,
                0.34499862790107727,
                0.2283737063407898
              ],
              [
                -0.8105318546295166,
                0.2283737063407898,
                0.6230379939079285
              ]
            ]
          }
        }
      ]
    },
    {
      "frame_index": 44,
      "objects": [
        {
          "object_id": "14802278",
          "color_index": 0,
          "gaussian_3d": {
            "mean": [
              2.6433565616607666,
              69.15127563476562,
              -1.4622308015823364
            ],
            "covariance": [
              [
                13.62928295135498,
                0.9431928396224976,
                -0.8105318546295166
              ],
              [
                0.9431928396224976,
                0.34499862790107727,
                0.2283737063407898
              ],
              [
                -0.8105318546295166,
                0.2283737063407898,
                0.6230379939079285
              ]
            ]
          }
        }
      ]
    },
    {
      "frame_index": 45,
      "objects": [
        {
          "object_id": "14802278",
          "color_index": 0,
          "gaussian_3d": {
            "mean": [
              2.602043628692627,
              69.16093444824219,
              -1.4306319952011108
            ],
            "covariance": [
              [
                13.62928295135498,
                0.9431928396224976,
                -0.8105318546295166
              ],
              [
                0.9431928396224976,
                0.34499862790107727,
                0.2283737063407898
              ],
              [
                -0.8105318546295166,
                0.2283737063407898,
                0.6230379939079285
              ]
            ]
          }
        }
      ]
    },
    {
      "frame_index": 46,
      "objects": [
        {
          "object_id": "14802278",
          "color_index": 0,
          "gaussian_3d": {
            "mean": [
              2.546163558959961,
              69.16102600097656,
              -1.4037681818008423
            ],
            "covariance": [
              [
                13.62928295135498,
                0.9431928396224976,
                -0.8105318546295166
              ],
              [
                0.9431928396224976,
                0.34499862790107727,
                0.2283737063407898
              ],
              [
                -0.8105318546295166,
                0.2283737063407898,
                0.6230379939079285
              ]
            ]
          }
        }
      ]
    },
    {
      "frame_index": 47,
      "objects": [
        {
          "object_id": "14802278",
          "color_index": 0,
          "gaussian_3d": {
            "mean": [
              2.5014727115631104,
              69.1529769897461,
              -1.375226378440857
            ],
            "covariance": [
              [
                13.62928295135498,
                0.9431928396224976,
                -0.8105318546295166
              ],
              [
                0.9431928396224976,
                0.34499862790107727,
                0.2283737063407898
              ],
              [
                -0.8105318546295166,
                0.2283737063407898,
                0.6230379939079285
              ]
            ]
          }
        }
      ]
    },
    {
      "frame_index": 48,
      "objects": [
        {
          "object_id": "14802278",
          "color_index": 0,
          "gaussian_3d": {
            "mean": [
              2.458932876586914,
              69.15747833251953,
              -1.346227765083313
            ],
            "covariance": [
              [
                13.62928295135498,
                0.9431928396224976,
                -0.8105318546295166
              ],
              [
                0.9431928396224976,
                0.34499862790107727,
                0.2283737063407898
              ],
              [
                -0.8105318546295166,
                0.2283737063407898,
                0.6230379939079285
              ]
            ]
          }
        }
      ]
    }
  ]
}