{
  "metadata": {
    "scene_name": "mbike-move",
    "num_frames": 49,
    "num_objects": 2,
    "frame_step": 1,
    "gaussian_mode": "first_frame_shape",
    "mean_source": "hybrid",
    "obj_id_to_color_idx": {
      "14802278": 0,
      "15351475": 1
    }
  },
  "frames": [
    {
      "frame_index": 0,
      "objects": [
        {
          "object_id": "14802278",
          "color_index": 0,
          "gaussian_3d": {
            "mean": [
              0.3109354078769684,
              10.186473846435547,
              -0.16164761781692505
            ],
            "covariance": [
              [
                0.022016404196619987,
                0.009476304985582829,
                0.009316012263298035
              ],
              [
                0.009476304985582829,
                0.09464496374130249,
                0.04298677295446396
              ],
              [
                0.009316012263298035,
                0.04298677295446396,
                0.13001787662506104
              ]
            ]
          }
        },
        {
          "object_id": "15351475",
          "color_index": 1,
          "gaussian_3d": {
            "mean": [
              0.4155743420124054,
              11.0580415725708,
              0.6543753743171692
            ],
            "covariance": [
              [
                0.044394586235284805,
                0.008671162649989128,
                0.021309688687324524
              ],
              [
                0.008671162649989128,
                0.07860919088125229,
                -0.0020822798833251
              ],
              [
                0.021309688687324524,
                -0.0020822798833251,
                0.16339032351970673
              ]
            ]
          }
        }
      ]
    },
    {
      "frame_index": 1,
      "objects": [
        {
          "object_id": "14802278",
          "color_index": 0,
          "gaussian_3d": {
            "mean": [
              0.31305989623069763,
              10.162834167480469,
              -0.15714415907859802
            ],
            "covariance": [
              [
                0.022016404196619987,
                0.009476304985582829,
                0.009316012263298035
              ],
              [
                0.009476304985582829,
                0.09464496374130249,
                0.04298677295446396
              ],
              [
                0.009316012263298035,
                0.04298677295446396,
                0.13001787662506104
              ]
            ]
          }
        },
        {
          "object_id": "15351475",
          "color_index": 1,
          "gaussian_3d": {
            "mean": [
              0.4168171286582947,
              10.809240341186523,
              0.6410332322120667
            ],
            "covariance": [
              [
                0.044394586235284805,
                0.008671162649989128,
                0.021309688687324524
              ],
              [
                0.008671162649989128,
                0.07860919088125229,
                -0.0020822798833251
              ],
              [
                0.021309688687324524,
                -0.0020822798833251,
                0.16339032351970673
              ]
            ]
          }
        }
      ]
    },
    {
      "frame_index": 2,
      "objects": [
        {
          "object_id": "14802278",
          "color_index": 0,
          "gaussian_3d": {
            "mean": [
              0.3453669250011444,
              10.051998138427734,
              -0.14471441507339478
            ],
            "covariance": [
              [
                0.022016404196619987,
                0.009476304985582829,
                0.009316012263298035
              ],
              [
                0.009476304985582829,
                0.09464496374130249,
                0.04298677295446396
              ],
              [
                0.009316012263298035,
                0.04298677295446396,
                0.13001787662506104
              ]
            ]
          }
        },
        {
          "object_id": "15351475",
          "color_index": 1,
          "gaussian_3d": {
            "mean": [
              0.4284173548221588,
              10.574226379394531,
              0.6518468856811523
            ],
            "covariance": [
              [
                0.044394586235284805,
                0.008671162649989128,
                0.021309688687324524
              ],
              [
                0.008671162649989128,
                0.07860919088125229,
                -0.0020822798833251
              ],
              [
                0.021309688687324524,
                -0.0020822798833251,
                0.16339032351970673
              ]
            ]
          }
        }
      ]
    },
    {
      "frame_index": 3,
      "objects": [
        {
          "object_id": "14802278",
          "color_index": 0,
          "gaussian_3d": {
            "mean": [
              0.3643605411052704,
              9.869545936584473,
              -0.13380944728851318
            ],
            "covariance": [
              [
                0.022016404196619987,
                0.009476304985582829,
                0.009316012263298035
              ],
              [
                0.009476304985582829,
                0.09464496374130249,
                0.04298677295446396
              ],
              [
                0.009316012263298035,
                0.04298677295446396,
                0.13001787662506104
              ]
            ]
          }
        },
        {
          "object_id": "15351475",
          "color_index": 1,
          "gaussian_3d": {
            "mean": [
              0.45440343022346497,
              10.550233840942383,
              0.6673210859298706
            ],
            "covariance": [
              [
                0.044394586235284805,
                0.008671162649989128,
                0.021309688687324524
              ],
              [
                0.008671162649989128,
                0.07860919088125229,
                -0.0020822798833251
              ],
              [
                0.021309688687324524,
                -0.0020822798833251,
                0.16339032351970673
              ]
            ]
          }
        }
      ]
    },
    {
      "frame_index": 4,
      "objects": [
        {
          "object_id": "14802278",
          "color_index": 0,
          "gaussian_3d": {
            "mean": [
              0.3931717574596405,
              9.77645492553711,
              -0.13455155491828918
            ],
            "covariance": [
              [
                0.022016404196619987,
                0.009476304985582829,
                0.009316012263298035
              ],
              [
                0.009476304985582829,
                0.09464496374130249,
                0.04298677295446396
              ],
              [
                0.009316012263298035,
                0.04298677295446396,
                0.13001787662506104
              ]
            ]
          }
        },
        {
          "object_id": "15351475",
          "color_index": 1,
          "gaussian_3d": {
            "mean": [
              0.46911904215812683,
              10.348877906799316,
              0.6601116061210632
            ],
            "covariance": [
              [
                0.044394586235284805,
                0.008671162649989128,
                0.021309688687324524
              ],
              [
                0.008671162649989128,
                0.07860919088125229,
                -0.0020822798833251
              ],
              [
                0.021309688687324524,
                -0.0020822798833251,
                0.16339032351970673
              ]
            ]
          }
        }
      ]
    },
    {
      "frame_index": 5,
      "objects": [
        {
          "object_id": "14802278",
          "color_index": 0,
          "gaussian_3d": {
            "mean": [
              0.41350170969963074,
              9.669023513793945,
              -0.1398339569568634
            ],
            "covariance": [
              [
                0.022016404196619987,
                0.009476304985582829,
                0.009316012263298035
              ],
              [
                0.009476304985582829,
                0.09464496374130249,
                0.04298677295446396
              ],
              [
                0.009316012263298035,
                0.04298677295446396,
                0.13001787662506104
              ]
            ]
          }
        },
        {
          "object_id": "15351475",
          "color_index": 1,
          "gaussian_3d": {
            "mean": [
              0.4700056314468384,
              10.105759620666504,
              0.6507599949836731
            ],
            "covariance": [
              [
                0.044394586235284805,
                0.008671162649989128,
                0.021309688687324524
              ],
              [
                0.008671162649989128,
                0.07860919088125229,
                -0.0020822798833251
              ],
              [
                0.021309688687324524,
                -0.0020822798833251,
                0.16339032351970673
              ]
            ]
          }
        }
      ]
    },
    {
      "frame_index": 6,
      "objects": [
        {
          "object_id": "14802278",
          "color_index": 0,
          "gaussian_3d": {
            "mean": [
              0.43452611565589905,
              9.62685489654541,
              -0.14961835741996765
            ],
            "covariance": [
              [
                0.022016404196619987,
                0.009476304985582829,
                0.009316012263298035
              ],
              [
                0.009476304985582829,
                0.09464496374130249,
                0.04298677295446396
              ],
              [
                0.009316012263298035,
                0.04298677295446396,
                0.13001787662506104
              ]
            ]
          }
        },
        {
          "object_id": "15351475",
          "color_index": 1,
          "gaussian_3d": {
            "mean": [
              0.4881573021411896,
              10.14331340789795,
              0.6668173670768738
            ],
            "covariance": [
              [
                0.044394586235284805,
                0.008671162649989128,
                0.021309688687324524
              ],
              [
                0.008671162649989128,
                0.07860919088125229,
                -0.0020822798833251
              ],
              [
                0.021309688687324524,
                -0.0020822798833251,
                0.16339032351970673
              ]
            ]
          }
        }
      ]
    },
    {
      "frame_index": 7,
      "objects": [
        {
          "object_id": "14802278",
          "color_index": 0,
          "gaussian_3d": {
            "mean": [
              0.44467976689338684,
              9.460683822631836,
              -0.14753614366054535
            ],
            "covariance": [
              [
                0.022016404196619987,
                0.009476304985582829,
                0.009316012263298035
              ],
              [
                0.009476304985582829,
                0.09464496374130249,
                0.04298677295446396
              ],
              [
                0.009316012263298035,
                0.04298677295446396,
                0.13001787662506104
              ]
            ]
          }
        },
        {
          "object_id": "15351475",
          "color_index": 1,
          "gaussian_3d": {
            "mean": [
              0.5399114489555359,
              10.547981262207031,
              0.7220248579978943
            ],
            "covariance": [
              [
                0.044394586235284805,
                0.008671162649989128,
                0.021309688687324524
              ],
              [
                0.008671162649989128,
                0.07860919088125229,
                -0.0020822798833251
              ],
              [
                0.021309688687324524,
                -0.0020822798833251,
                0.16339032351970673
              ]
            ]
          }
        }
      ]
    },
    {
      "frame_index": 8,
      "objects": [
        {
          "object_id": "14802278",
          "color_index": 0,
          "gaussian_3d": {
            "mean": [
              0.4649944007396698,
              9.357550621032715,
              -0.13669265806674957
            ],
            "covariance": [
              [
                0.022016404196619987,
                0.009476304985582829,
                0.009316012263298035
              ],
              [
                0.009476304985582829,
                0.09464496374130249,
                0.04298677295446396
              ],
              [
                0.009316012263298035,
                0.04298677295446396,
                0.13001787662506104
              ]
            ]
          }
        },
        {
          "object_id": "15351475",
          "color_index": 1,
          "gaussian_3d": {
            "mean": [
              0.527683436870575,
              9.957314491271973,
              0.6994961500167847
            ],
            "covariance": [
              [
                0.044394586235284805,
                0.008671162649989128,
                0.021309688687324524
              ],
              [
                0.008671162649989128,
                0.07860919088125229,
                -0.0020822798833251
              ],
              [
                0.021309688687324524,
                -0.0020822798833251,
                0.16339032351970673
              ]
            ]
          }
        }
      ]
    },
    {
      "frame_index": 9,
      "objects": [
        {
          "object_id": "14802278",
          "color_index": 0,
          "gaussian_3d": {
            "mean": [
              0.48634055256843567,
              9.169836044311523,
              -0.13300643861293793
            ],
            "covariance": [
              [
                0.022016404196619987,
                0.009476304985582829,
                0.009316012263298035
              ],
              [
                0.009476304985582829,
                0.09464496374130249,
                0.04298677295446396
              ],
              [
                0.009316012263298035,
                0.04298677295446396,
                0.13001787662506104
              ]
            ]
          }
        },
        {
          "object_id": "15351475",
          "color_index": 1,
          "gaussian_3d": {
            "mean": [
              0.5753049254417419,
              10.316128730773926,
              0.7430016398429871
            ],
            "covariance": [
              [
                0.044394586235284805,
                0.008671162649989128,
                0.021309688687324524
              ],
              [
                0.008671162649989128,
                0.07860919088125229,
                -0.0020822798833251
              ],
              [
                0.021309688687324524,
                -0.0020822798833251,
                0.16339032351970673
              ]
            ]
          }
        }
      ]
    },
    {
      "frame_index": 10,
      "objects": [
        {
          "object_id": "14802278",
          "color_index": 0,
          "gaussian_3d": {
            "mean": [
              0.5042805671691895,
              9.07687759399414,
              -0.11941395699977875
            ],
            "covariance": [
              [
                0.022016404196619987,
                0.009476304985582829,
                0.009316012263298035
              ],
              [
                0.009476304985582829,
                0.09464496374130249,
                0.04298677295446396
              ],
              [
                0.009316012263298035,
                0.04298677295446396,
                0.13001787662506104
              ]
            ]
          }
        },
        {
          "object_id": "15351475",
          "color_index": 1,
          "gaussian_3d": {
            "mean": [
              0.6069498658180237,
              10.27011489868164,
              0.7651965022087097
            ],
            "covariance": [
              [
                0.044394586235284805,
                0.008671162649989128,
                0.021309688687324524
              ],
              [
                0.008671162649989128,
                0.07860919088125229,
                -0.0020822798833251
              ],
              [
                0.021309688687324524,
                -0.0020822798833251,
                0.16339032351970673
              ]
            ]
          }
        }
      ]
    },
    {
      "frame_index": 11,
      "objects": [
        {
          "object_id": "14802278",
          "color_index": 0,
          "gaussian_3d": {
            "mean": [
              0.5321885943412781,
              8.987183570861816,
              -0.12788406014442444
            ],
            "covariance": [
              [
                0.022016404196619987,
                0.009476304985582829,
                0.009316012263298035
              ],
              [
                0.009476304985582829,
                0.09464496374130249,
                0.04298677295446396
              ],
              [
                0.009316012263298035,
                0.04298677295446396,
                0.13001787662506104
              ]
            ]
          }
        },
        {
          "object_id": "15351475",
          "color_index": 1,
          "gaussian_3d": {
            "mean": [
              0.6481592059135437,
              10.324911117553711,
              0.7754829525947571
            ],
            "covariance": [
              [
                0.044394586235284805,
                0.008671162649989128,
                0.021309688687324524
              ],
              [
                0.008671162649989128,
                0.07860919088125229,
                -0.0020822798833251
              ],
              [
                0.021309688687324524,
                -0.0020822798833251,
                0.16339032351970673
              ]
            ]
          }
        }
      ]
    },
    {
      "frame_index": 12,
      "objects": [
        {
          "object_id": "14802278",
          "color_index": 0,
          "gaussian_3d": {
            "mean": [
              0.5675206780433655,
              8.990700721740723,
              -0.11634452641010284
            ],
            "covariance": [
              [
                0.022016404196619987,
                0.009476304985582829,
                0.009316012263298035
              ],
              [
                0.009476304985582829,
                0.09464496374130249,
                0.04298677295446396
              ],
              [
                0.009316012263298035,
                0.04298677295446396,
                0.13001787662506104
              ]
            ]
          }
        },
        {
          "object_id": "15351475",
          "color_index": 1,
          "gaussian_3d": {
            "mean": [
              0.7328796982765198,
              10.832035064697266,
              0.8163233399391174
            ],
            "covariance": [
              [
                0.044394586235284805,
                0.008671162649989128,
                0.021309688687324524
              ],
              [
                0.008671162649989128,
                0.07860919088125229,
                -0.0020822798833251
              ],
              [
                0.021309688687324524,
                -0.0020822798833251,
                0.16339032351970673
              ]
            ]
          }
        }
      ]
    },
    {
      "frame_index": 13,
      "objects": [
        {
          "object_id": "14802278",
          "color_index": 0,
          "gaussian_3d": {
            "mean": [
              0.5900241136550903,
              8.870827674865723,
              -0.13181155920028687
            ],
            "covariance": [
              [
                0.022016404196619987,
                0.009476304985582829,
                0.009316012263298035
              ],
              [
                0.009476304985582829,
                0.09464496374130249,
                0.04298677295446396
              ],
              [
                0.009316012263298035,
                0.04298677295446396,
                0.13001787662506104
              ]
            ]
          }
        },
        {
          "object_id": "15351475",
          "color_index": 1,
          "gaussian_3d": {
            "mean": [
              0.720333456993103,
              10.134888648986816,
              0.7752647995948792
            ],
            "covariance": [
              [
                0.044394586235284805,
                0.008671162649989128,
                0.021309688687324524
              ],
              [
                0.008671162649989128,
                0.07860919088125229,
                -0.0020822798833251
              ],
              [
                0.021309688687324524,
                -0.0020822798833251,
                0.16339032351970673
              ]
            ]
          }
        }
      ]
    },
    {
      "frame_index": 14,
      "objects": [
        {
          "object_id": "14802278",
          "color_index": 0,
          "gaussian_3d": {
            "mean": [
              0.6034389138221741,
              8.668489456176758,
              -0.1430007666349411
            ],
            "covariance": [
              [
                0.022016404196619987,
                0.009476304985582829,
                0.009316012263298035
              ],
              [
                0.009476304985582829,
                0.09464496374130249,
                0.04298677295446396
              ],
              [
                0.009316012263298035,
                0.04298677295446396,
                0.13001787662506104
              ]
            ]
          }
        },
        {
          "object_id": "15351475",
          "color_index": 1,
          "gaussian_3d": {
            "mean": [
              0.7452462315559387,
              9.897265434265137,
              0.7845513224601746
            ],
            "covariance": [
              [
                0.044394586235284805,
                0.008671162649989128,
                0.021309688687324524
              ],
              [
                0.008671162649989128,
                0.07860919088125229,
                -0.0020822798833251
              ],
              [
                0.021309688687324524,
                -0.0020822798833251,
                0.16339032351970673
              ]
            ]
          }
        }
      ]
    },
    {
      "frame_index": 15,
      "objects": [
        {
          "object_id": "14802278",
          "color_index": 0,
          "gaussian_3d": {
            "mean": [
              0.6183229088783264,
              8.575403213500977,
              -0.15495982766151428
            ],
            "covariance": [
              [
                0.022016404196619987,
                0.009476304985582829,
                0.009316012263298035
              ],
              [
                0.009476304985582829,
                0.09464496374130249,
                0.04298677295446396
              ],
              [
                0.009316012263298035,
                0.04298677295446396,
                0.13001787662506104
              ]
            ]
          }
        },
        {
          "object_id": "15351475",
          "color_index": 1,
          "gaussian_3d": {
            "mean": [
              0.7601438164710999,
              9.707540512084961,
              0.7618811130523682
            ],
            "covariance": [
              [
                0.044394586235284805,
                0.008671162649989128,
                0.021309688687324524
              ],
              [
                0.008671162649989128,
                0.07860919088125229,
                -0.0020822798833251
              ],
              [
                0.021309688687324524,
                -0.0020822798833251,
                0.16339032351970673
              ]
            ]
          }
        }
      ]
    },
    {
      "frame_index": 16,
      "objects": [
        {
          "object_id": "14802278",
          "color_index": 0,
          "gaussian_3d": {
            "mean": [
              0.6468454599380493,
              8.577927589416504,
              -0.1470494270324707
            ],
            "covariance": [
              [
                0.022016404196619987,
                0.009476304985582829,
                0.009316012263298035
              ],
              [
                0.009476304985582829,
                0.09464496374130249,
                0.04298677295446396
              ],
              [
                0.009316012263298035,
                0.04298677295446396,
                0.13001787662506104
              ]
            ]
          }
        },
        {
          "object_id": "15351475",
          "color_index": 1,
          "gaussian_3d": {
            "mean": [
              0.77800452709198,
              9.566736221313477,
              0.7963817119598389
            ],
            "covariance": [
              [
                0.044394586235284805,
                0.008671162649989128,
                0.021309688687324524
              ],
              [
                0.008671162649989128,
                0.07860919088125229,
                -0.0020822798833251
              ],
              [
                0.021309688687324524,
                -0.0020822798833251,
                0.16339032351970673
              ]
            ]
          }
        }
      ]
    },
    {
      "frame_index": 17,
      "objects": [
        {
          "object_id": "14802278",
          "color_index": 0,
          "gaussian_3d": {
            "mean": [
              0.6375536918640137,
              8.304097175598145,
              -0.12097901850938797
            ],
            "covariance": [
              [
                0.022016404196619987,
                0.009476304985582829,
                0.009316012263298035
              ],
              [
                0.009476304985582829,
                0.09464496374130249,
                0.04298677295446396
              ],
              [
                0.009316012263298035,
                0.04298677295446396,
                0.13001787662506104
              ]
            ]
          }
        },
        {
          "object_id": "15351475",
          "color_index": 1,
          "gaussian_3d": {
            "mean": [
              0.7420710921287537,
              9.028443336486816,
              0.7587502002716064
            ],
            "covariance": [
              [
                0.044394586235284805,
                0.008671162649989128,
                0.021309688687324524
              ],
              [
                0.008671162649989128,
                0.07860919088125229,
                -0.0020822798833251
              ],
              [
                0.021309688687324524,
                -0.0020822798833251,
                0.16339032351970673
              ]
            ]
          }
        }
      ]
    },
    {
      "frame_index": 18,
      "objects": [
        {
          "object_id": "14802278",
          "color_index": 0,
          "gaussian_3d": {
            "mean": [
              0.6523873805999756,
              8.21977424621582,
              -0.09423457086086273
            ],
            "covariance": [
              [
                0.022016404196619987,
                0.009476304985582829,
                0.009316012263298035
              ],
              [
                0.009476304985582829,
                0.09464496374130249,
                0.04298677295446396
              ],
              [
                0.009316012263298035,
                0.04298677295446396,
                0.13001787662506104
              ]
            ]
          }
        },
        {
          "object_id": "15351475",
          "color_index": 1,
          "gaussian_3d": {
            "mean": [
              0.7374586462974548,
              8.934115409851074,
              0.7489649653434753
            ],
            "covariance": [
              [
                0.044394586235284805,
                0.008671162649989128,
                0.021309688687324524
              ],
              [
                0.008671162649989128,
                0.07860919088125229,
                -0.0020822798833251
              ],
              [
                0.021309688687324524,
                -0.0020822798833251,
                0.16339032351970673
              ]
            ]
          }
        }
      ]
    },
    {
      "frame_index": 19,
      "objects": [
        {
          "object_id": "14802278",
          "color_index": 0,
          "gaussian_3d": {
            "mean": [
              0.6711881160736084,
              8.19823169708252,
              -0.09972479194402695
            ],
            "covariance": [
              [
                0.022016404196619987,
                0.009476304985582829,
                0.009316012263298035
              ],
              [
                0.009476304985582829,
                0.09464496374130249,
                0.04298677295446396
              ],
              [
                0.009316012263298035,
                0.04298677295446396,
                0.13001787662506104
              ]
            ]
          }
        },
        {
          "object_id": "15351475",
          "color_index": 1,
          "gaussian_3d": {
            "mean": [
              0.7628600001335144,
              8.88664722442627,
              0.7144931554794312
            ],
            "covariance": [
              [
                0.044394586235284805,
                0.008671162649989128,
                0.021309688687324524
              ],
              [
                0.008671162649989128,
                0.07860919088125229,
                -0.0020822798833251
              ],
              [
                0.021309688687324524,
                -0.0020822798833251,
                0.16339032351970673
              ]
            ]
          }
        }
      ]
    },
    {
      "frame_index": 20,
      "objects": [
        {
          "object_id": "14802278",
          "color_index": 0,
          "gaussian_3d": {
            "mean": [
              0.688560426235199,
              8.17721939086914,
              -0.11626631766557693
            ],
            "covariance": [
              [
                0.022016404196619987,
                0.009476304985582829,
                0.009316012263298035
              ],
              [
                0.009476304985582829,
                0.09464496374130249,
                0.04298677295446396
              ],
              [
                0.009316012263298035,
                0.04298677295446396,
                0.13001787662506104
              ]
            ]
          }
        },
        {
          "object_id": "15351475",
          "color_index": 1,
          "gaussian_3d": {
            "mean": [
              0.7894678711891174,
              8.860941886901855,
              0.7166836261749268
            ],
            "covariance": [
              [
                0.044394586235284805,
                0.008671162649989128,
                0.021309688687324524
              ],
              [
                0.008671162649989128,
                0.07860919088125229,
                -0.0020822798833251
              ],
              [
                0.021309688687324524,
                -0.0020822798833251,
                0.16339032351970673
              ]
            ]
          }
        }
      ]
    },
    {
      "frame_index": 21,
      "objects": [
        {
          "object_id": "14802278",
          "color_index": 0,
          "gaussian_3d": {
            "mean": [
              0.7002837657928467,
              8.132490158081055,
              -0.11198867857456207
            ],
            "covariance": [
              [
                0.022016404196619987,
                0.009476304985582829,
                0.009316012263298035
              ],
              [
                0.009476304985582829,
                0.09464496374130249,
                0.04298677295446396
              ],
              [
                0.009316012263298035,
                0.04298677295446396,
                0.13001787662506104
              ]
            ]
          }
        },
        {
          "object_id": "15351475",
          "color_index": 1,
          "gaussian_3d": {
            "mean": [
              0.7998336553573608,
              8.645034790039062,
              0.692788302898407
            ],
            "covariance": [
              [
                0.044394586235284805,
                0.008671162649989128,
                0.021309688687324524
              ],
              [
                0.008671162649989128,
                0.07860919088125229,
                -0.0020822798833251
              ],
              [
                0.021309688687324524,
                -0.0020822798833251,
                0.16339032351970673
              ]
            ]
          }
        }
      ]
    },
    {
      "frame_index": 22,
      "objects": [
        {
          "object_id": "14802278",
          "color_index": 0,
          "gaussian_3d": {
            "mean": [
              0.7208935022354126,
              8.101699829101562,
              -0.11932091414928436
            ],
            "covariance": [
              [
                0.022016404196619987,
                0.009476304985582829,
                0.009316012263298035
              ],
              [
                0.009476304985582829,
                0.09464496374130249,
                0.04298677295446396
              ],
              [
                0.009316012263298035,
                0.04298677295446396,
                0.13001787662506104
              ]
            ]
          }
        },
        {
          "object_id": "15351475",
          "color_index": 1,
          "gaussian_3d": {
            "mean": [
              0.8498495221138,
              8.708283424377441,
              0.6931841373443604
            ],
            "covariance": [
              [
                0.044394586235284805,
                0.008671162649989128,
                0.021309688687324524
              ],
              [
                0.008671162649989128,
                0.07860919088125229,
                -0.0020822798833251
              ],
              [
                0.021309688687324524,
                -0.0020822798833251,
                0.16339032351970673
              ]
            ]
          }
        }
      ]
    },
    {
      "frame_index": 23,
      "objects": [
        {
          "object_id": "14802278",
          "color_index": 0,
          "gaussian_3d": {
            "mean": [
              0.7342075705528259,
              8.043087005615234,
              -0.15285906195640564
            ],
            "covariance": [
              [
                0.022016404196619987,
                0.009476304985582829,
                0.009316012263298035
              ],
              [
                0.009476304985582829,
                0.09464496374130249,
                0.04298677295446396
              ],
              [
                0.009316012263298035,
                0.04298677295446396,
                0.13001787662506104
              ]
            ]
          }
        },
        {
          "object_id": "15351475",
          "color_index": 1,
          "gaussian_3d": {
            "mean": [
              0.8655766248703003,
              8.527043342590332,
              0.6748722791671753
            ],
            "covariance": [
              [
                0.044394586235284805,
                0.008671162649989128,
                0.021309688687324524
              ],
              [
                0.008671162649989128,
                0.07860919088125229,
                -0.0020822798833251
              ],
              [
                0.021309688687324524,
                -0.0020822798833251,
                0.16339032351970673
              ]
            ]
          }
        }
      ]
    },
    {
      "frame_index": 24,
      "objects": [
        {
          "object_id": "14802278",
          "color_index": 0,
          "gaussian_3d": {
            "mean": [
              0.7772355675697327,
              8.114148139953613,
              -0.17850066721439362
            ],
            "covariance": [
              [
                0.022016404196619987,
                0.009476304985582829,
                0.009316012263298035
              ],
              [
                0.009476304985582829,
                0.09464496374130249,
                0.04298677295446396
              ],
              [
                0.009316012263298035,
                0.04298677295446396,
                0.13001787662506104
              ]
            ]
          }
        },
        {
          "object_id": "15351475",
          "color_index": 1,
          "gaussian_3d": {
            "mean": [
              0.8883178234100342,
              8.479710578918457,
              0.6517543792724609
            ],
            "covariance": [
              [
                0.044394586235284805,
                0.008671162649989128,
                0.021309688687324524
              ],
              [
                0.008671162649989128,
                0.07860919088125229,
                -0.0020822798833251
              ],
              [
                0.021309688687324524,
                -0.0020822798833251,
                0.16339032351970673
              ]
            ]
          }
        }
      ]
    },
    {
      "frame_index": 25,
      "objects": [
        {
          "object_id": "14802278",
          "color_index": 0,
          "gaussian_3d": {
            "mean": [
              0.7890000343322754,
              8.082809448242188,
              -0.18975384533405304
            ],
            "covariance": [
              [
                0.022016404196619987,
                0.009476304985582829,
                0.009316012263298035
              ],
              [
                0.009476304985582829,
                0.09464496374130249,
                0.04298677295446396
              ],
              [
                0.009316012263298035,
                0.04298677295446396,
                0.13001787662506104
              ]
            ]
          }
        },
        {
          "object_id": "15351475",
          "color_index": 1,
          "gaussian_3d": {
            "mean": [
              0.8988279700279236,
              8.441121101379395,
              0.6326767802238464
            ],
            "covariance": [
              [
                0.044394586235284805,
                0.008671162649989128,
                0.021309688687324524
              ],
              [
                0.008671162649989128,
                0.07860919088125229,
                -0.0020822798833251
